weights
4.81527302888299E-6,2.998559252690423E-4
2.4167104507316148E-4,3.5648357294802414E-4
3.461749261558507E-4,1.115555485498329E-4
1.9327259135977316E-4,2.1210124258460542E-4
3.712865847613753E-4,1.2181364563584709E-4
4.174012581608547E-4,4.111288812927391E-4
4.2089355433688925E-4,2.4248459069792406E-4
2.627148654391044E-4,2.7037864526448534E-4
1.6401249049881043E-4,1.7752598242046146E-4
2.705855798526154E-4,1.1382965320562453E-4
2.1757983641491522E-4,3.3409705391770444E-4
4.022579598517456E-4,1.2979575003104938E-4
2.648004940739416E-4,6.250119529807517E-5
3.112066321351011E-4,2.903845030400726E-4
3.2514971834757056E-4,1.5553905038454807E-4
1.6513418956778334E-4,9.671818251820849E-5
4.982731829165359E-5,9.88943425020208E-5
4.2785726512205633E-4,2.1519881353744812E-4
0.0022471049597488986,-0.0019722329463683773
-0.005696204563215902,0.005956056898980915
-0.0032198840548215593,0.0034590929813452316
-0.0014168484291189188,0.0017215614350796278
-4.4212146370050336E-4,0.0011923793622395096
-4.737781027277525E-4,8.505360930280301E-4
1.9198263779785006E-4,-2.6786324617920568E-5
0.0033070569028805933,-0.0027058104337915286
0.0032023283004587247,-0.00289509111835803
0.007201939148404087,-0.006851564218029098
0.008774151820865146,-0.008712831275137433
0.011664839518281652,-0.011326957452945995
0.008299921756696268,-0.007662009343740358
0.01060907981488422,-0.009977702490378295
0.004868905703648696,-0.004209591838715792
1.4999277364074172E-4,3.4829625142341746E-4
2.3324354915118923E-4,1.1086329163471518E-4
0.0038739061238143137,-0.0031803136644712126
-0.002604282288920879,0.002882777945050986
-0.00425436905244174,0.004635331618868407
-0.0016771690119438624,0.0021382522724776244
0.001067727743379974,-5.72159188969378E-4
0.006011091887080543,-0.0052407693588227685
0.009342282424371483,-0.00900025408654411
0.009590104150683735,-0.008907040660220774
0.009741052048926276,-0.009577746462665522
0.00838744865046973,-0.007931282132311805
0.00749600320834643,-0.006796360098380173
0.0068208288318776285,-0.006483323879181029
0.00628570259247419,-0.005752469093154832
0.008947097730364239,-0.0086229608794524
0.0030176519918572167,-0.0026053930153053543
1.6016230864417761E-4,4.510083053930279E-5
2.8462783703294277E-4,2.0574137141467675E-4
0.004612536474100954,-0.004385999651038036
-0.0012637045962713216,0.0014880385505567943
0.0041909634034086735,-0.003988509019191905
0.004189554756363296,-0.003528402221170735
0.007541513118179386,-0.007443416863074096
0.008111201349007502,-0.007627750053304006
0.007928330850851801,-0.007228982219971345
0.007729188795745854,-0.007416341800327251
0.008492410502650836,-0.007822274754639818
0.007131587233398381,-0.007079052825515921
0.005133622622069748,-0.004804145861062912
0.0032064683315271773,-0.002727254991346616
0.00541214198210199,-0.0048774295925747
0.006628464057879199,-0.006266513579088563
9.403638669137686E-4,-7.134517877896326E-4
2.094854296224566E-4,3.873824512998114E-4
2.1133870021915026E-4,2.5855146862170637E-4
0.0026662760838509704,-0.0024023328293290435
-0.002546432061247063,0.002738401089847991
7.843384917036625E-4,-4.0988302164809195E-4
0.00461719653756751,-0.003982687221332687
0.007254880421036198,-0.00681480914995353
0.00911042416002323,-0.008494411633618667
0.008880195921176224,-0.008645783350607082
0.009808826145107296,-0.009562806027320707
0.008988345436648565,-0.008559409868773241
0.0033848720267070013,-0.0029614656151503035
0.007475789607303381,-0.007104540180894632
0.0019883142787746554,-0.0015001500702671816
0.0015179473905359148,-9.809629916415592E-4
0.007166579770518085,-0.0066305447576424075
0.0010107242048703485,-5.940780185333967E-4
3.974805647068637E-4,4.0091983296219413E-4
9.56447841172609E-5,2.545530623281019E-4
7.521811510476208E-4,-2.2891074622040966E-4
-0.00697890028503712,0.007166717746927882
0.0019448507885547607,-0.0018498436558123256
0.006148593174465784,-0.00566199087448784
0.007316514824702091,-0.006778539824953652
0.012764641759714179,-0.012282882853804578
0.01360182838864188,-0.013155128222234391
0.01392442643223969,-0.013319430529018296
0.01263955338502237,-0.012112881411091044
0.008417920318471866,-0.007918823886609614
0.004430328712224133,-0.003907085298591292
-3.23322000237217E-4,0.001065682504450096
-0.0035998794220888945,0.0037638331272994733
-0.003946687233770077,0.004322410076005046
-0.003092924001118729,0.003644269619376125
1.673439064053701E-5,2.7618505781563414E-4
3.373162709788099E-4,2.4498974898694905E-4
-0.0071366050714747635,0.007352236027418104
-0.014500341175187543,0.014991824431391888
-0.004339284709798422,0.004743023364343018
0.006395210463661181,-0.006293467091766959
0.011157297137085517,-0.01051437681660406
0.00943424843923918,-0.00881755911456237
0.008476765352724788,-0.007837142651889504
0.004289670372412392,-0.004120829022081258
0.003282686245137639,-0.0026910400786294576
0.007525069399489075,-0.007042764008319853
0.008150415768267324,-0.007700426956657696
0.011937852488020356,-0.011204069415407978
0.015853225054200594,-0.015474055613996077
0.01369065963023221,-0.012980708920843806
0.007465777453661957,-0.0068500471439223104
1.320738227145624E-5,3.96746126746318E-4
2.53109817594659E-4,3.382553199180037E-4
-0.01757416950284622,0.01812119370960773
-0.03529853165416585,0.03580140128261812
-0.01905963619715824,0.01960052908230922
-0.004985887402662404,0.005485975410717519
0.01098061983845118,-0.010597841109822178
0.01621434605129943,-0.015639977022759113
0.031075165224169237,-0.030670209677879166
0.0328221668592036,-0.03244008317949199
0.03221473552514029,-0.03176255612573643
0.030217394596090554,-0.02942080675493733
0.021251399205160768,-0.02083534939226043
0.011351786835323563,-0.010705191570020249
-4.690344762519137E-4,6.198344936104795E-4
-0.008356362423680645,0.00885538293936068
-0.007543149577858266,0.007661429024348978
1.97402545004648E-4,2.1334708385624044E-4
1.3200050876102697E-4,3.056438253965968E-4
-0.01857872146628106,0.018850622976977007
-0.02884599267043573,0.02932591334383323
-0.018943230290672415,0.019483930539626135
0.007541741647403126,-0.007200900495777474
0.02755604621602707,-0.027341409828481298
0.030831818761276955,-0.03051958154219295
0.02746762166111262,-0.027078315537368784
0.019467756035319698,-0.01904403261077743
0.016469552924179377,-0.01615959652652072
0.011689218149105321,-0.011045391190597022
0.01098947463287275,-0.010388209531370839
-0.0013690520313871472,0.0021350845412252606
-0.010467028067703683,0.011163991950561464
-0.013406197203563884,0.013794310451659506
-0.012184078537857466,0.01253550733431894
2.0709991080136185E-4,5.5294231373933484E-5
4.448830417926222E-5,2.2053617755754749E-4
-0.02525937574382307,0.025854257752102674
-0.026061463114429955,0.026583628993021205
-0.03532015295223512,0.03568389505779059
-0.011424655981268069,0.01184937430478972
0.010291997958000561,-0.01010104610120447
0.019304825214471057,-0.018551850205118934
0.019268018229678503,-0.019100376374849216
0.01796050595714282,-0.017593426411545283
0.016502746705932134,-0.016001868254005878
0.004647157592304022,-0.004509047653385047
-0.0013161513082897208,0.0015726980861641407
-0.015561360624389209,0.016176794093896437
-0.02880712717075147,0.02896232930535494
-0.030860456058026474,0.03161154949828788
-0.01707201411052467,0.017531849615120894
3.7092305201029283E-4,3.7761147729656336E-4
1.1701157162755929E-4,1.5528453145297738E-4
-0.0196508877942172,0.02006636831022743
-0.028835261989225567,0.029123405781490752
-0.03481033011430626,0.03512417739602312
-0.01517747511413089,0.015833747296221456
0.006124302068203323,-0.005839470833763618
0.01632067298714999,-0.01612905483258862
0.01693842059130221,-0.01645054616581537
0.01758220564314852,-0.01717309371957088
0.012691519456959751,-0.012016044781037188
0.001295521607102594,-5.831177734740367E-4
-0.004666494566632898,0.005462985962427233
-0.02300859917569146,0.0235765919111168
-0.03668174498747061,0.037016146453590616
-0.04340999878124269,0.04412067477470313
-0.01706750272294322,0.017197895243151972
1.6072409191747737E-5,9.108018841644879E-5
1.8141121990613703E-4,8.61166048479022E-5
-0.009868451862358687,0.010253497879990022
-0.01996941469258247,0.020230756706774246
-0.022558203186975375,0.02277450487459631
-0.0060588832000979,0.00655294203132913
0.006515550800073996,-0.0057644701083838425
0.01520842961960326,-0.014875341170028842
0.01856677993981913,-0.018157322986187677
0.020241827311990365,-0.019874061965531355
0.014065317773344325,-0.013524337481702887
1.4099961542538778E-4,2.878306975557728E-4
-0.007641601614019207,0.00815275787939752
-0.023732941359857956,0.024079414427726407
-0.03235542369960303,0.03270966773662339
-0.03132611232629068,0.031852574033086806
-0.0032937916167871165,0.00401823884328497
6.434877588470286E-5,2.152950029894885E-4
7.268667876193829E-5,2.4379959072924216E-4
-0.00316648989152134,0.003566722337927461
-0.005561004053172573,0.005980306630889017
-0.007241241005346386,0.007554581477678618
3.737258503954341E-4,2.699796647810193E-4
0.006968946100509095,-0.0067805893746730435
0.0142982611603151,-0.013909150973647467
0.01734943070032689,-0.017001922354351308
0.01876848600986159,-0.018316270730882097
0.014090391539793789,-0.01339307625043748
-0.00450545147453878,0.005068821531907641
-0.00860484603697743,0.008856975687104605
-0.021167401932297394,0.02191873295307686
-0.034244823761752766,0.03481205294264931
-0.036669921647551694,0.037189324231853414
-0.0026425473393008377,0.0028799394204093716
1.7067087110710183E-4,3.0046172313765167E-4
4.001798395854234E-4,2.1454541790306685E-4
-0.001826503114946649,0.0022305407077870855
-2.0127126699130173E-4,3.2549240109935266E-4
-0.002243424530092255,0.0027888663964347822
0.0016834022583447777,-0.001316457705365687
0.005544537019395983,-0.005019493696822478
0.012626238293528642,-0.012255714682517647
0.015219946445618658,-0.015075397180216778
0.014732302323852284,-0.014601506999117178
0.013714318008942976,-0.013030845353790647
0.002462483167458026,-0.001890672078330343
-0.003818236794844639,0.004328591639127938
-0.01966817524090149,0.01976716667155328
-0.033301111228000065,0.03383547859837552
-0.03471826172952021,0.035172442043597
-0.006458773788229207,0.006947231472082625
2.996282841315605E-4,2.1778358149737248E-5
1.2234914428887526E-4,1.9454490770773198E-4
-0.002757918608594493,0.003133815871927797
7.181969035990211E-4,-2.107597912687787E-4
5.41206432281691E-4,2.875463851761152E-4
0.00343257575687624,-0.0027863793979654803
0.0077819332075718785,-0.007481734927567538
0.01090103032848264,-0.010503592996231347
0.013910496505146348,-0.013363695445616818
0.01410630253085761,-0.013830790954998617
0.016871909896808448,-0.016128465402626004
0.013123810003673362,-0.012678452222827102
0.006047874970263881,-0.005704357729562887
-0.005141938389588613,0.005610871695837299
-0.015437148298079469,0.016205657639824924
-0.0274109667062529,0.027572772493542015
-0.008294321436490972,0.0089236591603081
1.2135211087749711E-4,6.613321138764427E-5
1.6381129718945328E-4,2.564576517857406E-4
-0.008728053468638185,0.009424959819165394
-0.0011022917993648968,0.0012528262969089508
9.758911392004745E-4,-2.98905525162825E-4
0.0024497573090929256,-0.001939311838867432
0.00544506706340647,-0.00482272719493206
0.006195937068576453,-0.005526684627046932
0.007307365559074624,-0.0066746815138656514
0.0063156072721459655,-0.006087349599797451
0.007329604584330179,-0.006797330612036669
0.010480381527716548,-0.010099141616589515
0.011725263906484838,-0.011196111327155311
0.004494852340917194,-0.0043048407177446076
-3.6858851886465555E-4,9.263111717630377E-4
-0.008889458790699219,0.009117982426137048
0.0018574565198869566,-0.0011068374367013245
4.679453038191082E-5,1.1161625652088874E-4
2.2950535277290309E-4,3.946559336479806E-4
1.7507497019176145E-4,1.6013675576549209E-4
2.959261652589683E-4,1.3609670491789588E-4
3.7728890510096486E-4,3.9753322323339644E-4
4.149337219523439E-4,1.0777616529849555E-4
4.242648447967196E-4,3.5131370116428924E-4
1.4952161208173432E-4,9.507760862327141E-5
2.800889379353774E-4,4.178184810273159E-4
4.285373775739586E-4,1.131301564686968E-4
2.477220703937452E-4,9.087981753154597E-5
1.338884210492154E-4,3.3144812751760013E-4
4.0885772073848125E-5,1.81074461196241E-4
2.2513906150868367E-5,1.387227816774157E-4
4.7399687065657905E-5,9.776505645461697E-5
3.6479798013537015E-4,2.2699698777416902E-4
3.7224024849464443E-4,2.334876573399019E-4
3.145789211457013E-4,1.426927147167487E-6
1.829442220333273E-4,4.088364514031562E-4
2.3432156932967207E-4,2.578277988055231E-4
2.3183055069467365E-4,5.131317245269363E-6
2.3150365177907297E-4,8.635886928695753E-6
8.547730974574882E-6,1.9861119121834963E-4
2.1259219101519135E-4,5.630838233082134E-5
1.7021580731499535E-4,4.966182923052916E-5
3.3434271993489296E-4,1.2086512202545756E-4
2.0319041602860036E-4,2.632123697255416E-4
4.99968309809875E-5,7.369844882643358E-5
2.75008368356682E-4,3.3956514760177467E-4
3.0785881263516E-4,1.2589823065101989E-5
1.103878769666277E-4,3.84789737817361E-4
4.5091885585410674E-5,3.8428861165514054E-4
5.2569042372370096E-5,2.955462594084712E-4
2.937103469241964E-4,1.141064873250387E-4
7.777913286689296E-5,3.3674563722971464E-4
4.093886898968999E-5,2.281122723335509E-4
0.0010100256830659817,-3.850732113834318E-4
-0.007187967132618329,0.007904736650820072
-0.0035293373716134197,0.0042482028641712445
-0.0019945853374463253,0.0022656394134183914
-0.0012806331248356388,0.0014830263539572122
-5.144548669399605E-4,7.478106191954185E-4
3.5318928277636863E-4,8.122105570168259E-5
0.006691774154290177,-0.006477534042222303
0.005962446517303604,-0.005437552257471676
0.009526770506878522,-0.009000009598024815
0.010050472003581641,-0.009568811336124089
0.012632811856856729,-0.011940177164472286
0.010488072430696339,-0.010055698998968477
0.014386622960480348,-0.013664839082686168
0.0042897816268465325,-0.004006446627634883
1.3907567045140314E-4,3.979519680981748E-5
6.742075813555552E-5,9.898441985407722E-5
0.003688779118269613,-0.0033075512540095423
-0.0035767213280023125,0.004106017531623106
-0.005065455294363196,0.005733744232842569
-3.1804452578946526E-4,7.629146063208915E-4
0.0036015048037409195,-0.002937140085600867
0.007600514726296095,-0.007028176485061591
0.008904307205660319,-0.008637039784347303
0.013280799233005361,-0.012522815410852695
0.013694515919558042,-0.013295256619672029
0.010188857630446954,-0.009850130961594065
0.008745643333286365,-0.00856459681971582
0.0085844494179383,-0.008194607744778428
0.007947523959340038,-0.007588533903150789
0.011937791880451439,-0.011520128419848773
0.004044773521064876,-0.00347289840849704
2.3673906845537532E-4,2.6300887482324635E-5
3.400295512700808E-4,3.6132135874934333E-4
0.005765347056138914,-0.0054998743337796654
-0.0019094971967650246,0.0025415127606853837
0.0048126952162169875,-0.00435270372421305
0.005294840637269635,-0.00519055531271665
0.010381900440647397,-0.0100824952893103
0.01108577289127791,-0.010386933854209062
0.009808518307210513,-0.00920697661554666
0.01041110496874837,-0.010255850860334884
0.0108925673010767,-0.010428650773953252
0.008744397124079338,-0.008181623299072849
0.00587586220389206,-0.0053442041221790255
0.0013881396237650416,-0.0012177541007025521
0.007877634574488427,-0.007265842775920498
0.005898491636838558,-0.0054526331026943575
0.0019333706621379565,-0.0016625639591606688
6.956185642139408E-7,2.742707296954552E-4
2.7491437996569987E-4,1.9836740290392525E-4
0.0030796497046562355,-0.0025478834853889195
-0.0025165801308678223,0.003096101764797532
0.0019482534282495236,-0.0018645013358567426
0.006545828398312164,-0.006315463898994262
0.009497139515973014,-0.009162399410473044
0.011682273529511292,-0.011182647996891115
0.011048242433509919,-0.010616210464666249
0.013726380859945876,-0.012959504900692021
0.012012657217553374,-0.01173646087827117
0.004264378599277946,-0.0036968299898919015
0.006513146346621241,-0.006259433975651349
0.001415331559689185,-0.001128968956967669
0.0010784742127973419,-8.099294796056317E-4
0.00953819650757848,-0.009256459725715533
-7.510163468889783E-5,4.577158110861435E-4
3.511429329480653E-4,2.906145393879534E-4
1.2348015376405848E-4,1.4665887379734828E-4
7.594498451430253E-4,-7.822364617840528E-5
-0.011868207624034503,0.012618617651586797
0.004270971140430255,-0.004098433609306958
0.009209053390935534,-0.009002990075864756
0.008316519328101216,-0.008131670678598456
0.01507795290666492,-0.014483185845522235
0.017215489501537593,-0.016981194337353987
0.01743423680192171,-0.01667577848144569
0.015561895600839069,-0.014958386543870134
0.010432093892006035,-0.009737719565952534
0.0038956922146005436,-0.0038419405116228668
-0.0024334203370008065,0.002691884841134837
-0.006958538262358374,0.007187862248272257
-0.002038411462931256,0.0024143190361204537
-0.002752586845234042,0.0033588431028965223
1.9081782058784434E-4,2.3834292907657688E-4
8.740872477665432E-5,3.4222515360610075E-4
-0.008974138673727265,0.009394476554520876
-0.019119621874121206,0.019918938970119083
-0.004991868239513667,0.0056325090146487995
0.008969384598733445,-0.008482336439981935
0.01310006268842129,-0.012379159788704342
0.009358561328745987,-0.008754716012407493
0.005590059749698067,-0.005243038195358892
0.0031878009464662797,-0.002994680792182558
0.007419258761998303,-0.007059319197932312
0.007814586815329263,-0.0073425651146160256
0.011126318088283555,-0.010514117132556178
0.018047480709048176,-0.017972260527140366
0.022598581401082483,-0.021963483219367023
0.016219650619935976,-0.015781859476195852
0.006675883072129556,-0.006503178286654626
4.1053464699463365E-4,1.875782364407777E-4
1.9032561135872957E-4,3.457204218969514E-4
-0.025908297193274792,0.026257919980053
-0.05100588835818822,0.051739257051384754
-0.025407798077529197,0.025575702545320423
-0.0030003169449952264,0.0033409063640961246
0.014520424803698568,-0.014214144208601107
0.024511987642551258,-0.02400377946224637
0.04200283754051492,-0.04180255600091994
0.044829680114370496,-0.044593513918427745
0.044655086930585904,-0.04450500042672323
0.03650892559684268,-0.03585860593878142
0.02656795394047277,-0.026355759743893682
0.01232259946832482,-0.011770006813785714
-0.0026623503033834004,0.0027784532073045834
-0.010336950909997113,0.010892434691438664
-0.0098707930865754,0.01015274371354245
1.416522766888982E-4,3.184618307394149E-4
3.369157753726025E-4,2.897486941592314E-4
-0.026771254796661488,0.02739920550308442
-0.03635593891302157,0.036680704195815005
-0.02162639996313889,0.02204746477109373
0.014972453556780134,-0.014237923151993926
0.03900422046600169,-0.038400415048043014
0.039127821701337544,-0.039007398799438174
0.03619399961599411,-0.035702598386331795
0.02502316698810658,-0.02446613857922307
0.021468132742778347,-0.02069341517650607
0.013317238891777845,-0.012963989276161037
0.011122036523883461,-0.010929096379529563
-0.006114865534714462,0.006398911722641186
-0.015517664861070103,0.015780502679978152
-0.01873449336609618,0.019117553417296495
-0.01435036170576027,0.0150534466398044
1.9535418792302893E-4,4.183550181899651E-5
2.557382333031401E-4,2.9895845068332393E-4
-0.03767743416977818,0.03847017333099959
-0.03415980760386256,0.03496932227737771
-0.04339435350762047,0.04358015505355745
-0.010548625058126359,0.011208025793961443
0.01596539977693953,-0.015589635851450357
0.02457503563192462,-0.02422263735533079
0.024046757831033144,-0.023812228875107234
0.02261622603274285,-0.022299250663978754
0.02034970352647969,-0.019982594013622148
0.0035514686278360678,-0.0031124899980458872
-8.7168818589971E-4,0.0014947709654216336
-0.023176167709917934,0.023825998547037486
-0.039476935937198726,0.03986746932651473
-0.0398304143583681,0.040575198348383294
-0.020918267558415537,0.021075988685642876
3.849517038869654E-4,1.3215855733224064E-4
3.818712423470262E-4,2.7391451997760063E-4
-0.030218832521286005,0.030706182529823607
-0.038554118225026766,0.039117314503004146
-0.04281323728610167,0.04326948356062888
-0.015283365775727302,0.015784943247840157
0.010594993080682296,-0.009803438988119308
0.021689974837751494,-0.02121873695465504
0.022303706137109424,-0.021942947853889304
0.02338945141624095,-0.022924539110372205
0.015299114005344207,-0.014972551289475814
5.005136653627672E-4,-3.253718680854709E-4
-0.007769511011929094,0.007952972002491388
-0.03404058629577736,0.03460835684844209
-0.04972198551919096,0.05025409499168124
-0.054321658811251325,0.054755670612137916
-0.013166953646338395,0.01336169312836401
1.87622508078937E-4,8.402446436504631E-5
2.0902014557307527E-4,4.268837893801937E-4
-0.014258092546934682,0.014710855197351656
-0.02687425114239138,0.02744374127148505
-0.025660339726237637,0.02623673718612423
-0.005673689016536749,0.005751155726554948
0.009056726688909961,-0.008676470751197351
0.0199286909557089,-0.01963610045278681
0.023954933685505286,-0.023649341157649866
0.025955548273809564,-0.02573715650637725
0.014525244041823036,-0.014481871457390863
-0.004104289078030383,0.004451098093195195
-0.010870897995037185,0.011334034773774043
-0.029605408901660777,0.030068390464213574
-0.03925869038862297,0.03981566135619392
-0.03782938826615327,0.03862178254741082
-1.856078239380239E-5,5.039200553338491E-4
3.7366453586641066E-4,1.9178547697744203E-4
3.947836818652944E-4,1.327509173175105E-4
-0.004890315222496459,0.005052778105652475
-0.007967017044777246,0.0082403510785433
-0.008429284628244618,0.009216716123516303
0.0011556123094898613,-7.447382531234548E-4
0.008920551812587477,-0.0087288217140818
0.019023980917591207,-0.018543826371116595
0.022236466336996604,-0.021800150738382196
0.02486045704581525,-0.024174133905115944
0.015483219194964145,-0.01540197071889407
-0.007747961300268414,0.007980000369002876
-0.0108182030606535,0.01110717974968265
-0.0307065122066211,0.031193891133412175
-0.04554679573397376,0.04616453315801603
-0.04664533449391877,0.04697425972722927
0.0020163577729812162,-0.001667984786261769
1.3431750238253252E-5,7.135830679262813E-5
2.8757539757249515E-4,3.3248922664129096E-4
-0.003076084378661662,0.0033663658231187846
-4.3178513409219233E-4,0.0010319988560887011
-0.0029008500268506193,0.003354587907534637
0.002994271475584122,-0.002153120412543479
0.008018514841609078,-0.0076990393239824055
0.016943025868173044,-0.01640059694182971
0.01944846038407296,-0.01915502698479687
0.019464929469017168,-0.019071913133960137
0.017788561185978297,-0.017343399403419616
0.002707737913328733,-0.002310883167679454
-0.0038409901497809093,0.004440277136443817
-0.027004244400108988,0.027394954077259698
-0.043049347116127394,0.04317690664939068
-0.04417732290589906,0.044818243712544115
-0.0031811376224358708,0.0034685988014397763
2.95939773705341E-4,1.943000597638325E-5
1.800076302788984E-4,3.561736647499155E-4
-0.004266611660492002,0.004440208283715707
0.0024229588867059476,-0.002098053724718515
7.691733310160125E-4,-2.745925353066931E-4
0.003717785264669939,-0.003474154236540417
0.010461342369519011,-0.00989480957035699
0.014072050767031772,-0.013774843809159722
0.018026943452954358,-0.017933942372075025
0.017802542039380476,-0.01698715480547326
0.02099768728321082,-0.020719019906398024
0.015739981937109394,-0.015630405485189666
0.0069576114430358075,-0.00640638680832102
-0.008571066898950961,0.00906800519868108
-0.020558940084046927,0.021117529841890345
-0.036180855922961115,0.036449722397761515
-0.005802468320189206,0.006208112316826352
3.453730936069516E-4,3.50805415247556E-4
1.902117023984323E-4,2.348316301580159E-4
-0.012833367617434968,0.013299533736964369
0.0011086850811886399,-5.98365458218823E-4
5.50656614126364E-5,3.796842797308714E-4
0.002229817117862835,-0.001942588002676177
0.005415057889624952,-0.005126561235787564
0.007243919849967448,-0.006840606604841611
0.010041748894303948,-0.009603191676115896
0.009033297070952054,-0.008787486033507668
0.011244583306150515,-0.01076301698218349
0.016625352968550014,-0.016112122558860967
0.015769254468555455,-0.01551012081187641
0.0024946450739090956,-0.001969086842467272
-0.005356701018007235,0.005730822161806876
-0.014907297113391466,0.01537129790554088
9.217222696734919E-4,-3.4120795147379483E-4
4.1863213923007376E-5,4.192846010829138E-4
1.900037225618545E-4,7.646727105099115E-5
1.3311681571917368E-4,2.550575543452497E-4
7.601272778976834E-5,8.264552920918235E-5
3.871579622408681E-4,7.222406934852088E-5
1.7450929315210523E-4,3.2648523308150505E-4
1.9917998805083542E-4,6.536765669764491E-5
3.945464680519717E-4,1.8580935503212834E-5
1.2832206062325874E-4,2.0333939597815662E-4
3.697374997951359E-4,2.4627087216679947E-5
2.6540814516732956E-4,3.225593369863922E-5
4.805467577534161E-5,1.4959395791219935E-4
9.994176887415632E-5,5.013011098186947E-5
1.0115637191606638E-4,3.2634252592847923E-4
1.6968679113141057E-4,2.1299805864733216E-4
7.309716886944552E-5,1.8405916259286824E-4
3.7677064659698674E-4,1.0436368280784178E-4
2.0394495224125274E-4,2.884093379742911E-4
1.4743525953718942E-4,2.281610470433255E-4
2.3636631814155433E-5,3.0683111629995955E-4
2.3936580843185784E-5,3.4117202821443116E-4
2.6068096967740055E-4,3.58570120545938E-4
1.0769567913194527E-4,4.0213220207765694E-4
2.8331656154898286E-4,3.374044793778747E-4
1.3335879449798978E-4,1.421638939841231E-4
1.0987406649053777E-5,5.403866565708091E-7
2.9721743735626715E-4,3.5434782861436546E-4
2.852420732008348E-4,2.5558364517631253E-4
3.216152228017569E-4,3.19736122241535E-4
1.0945980949015234E-4,2.692267409784718E-4
6.973258213894531E-5,2.602557070641237E-4
4.1290405021284947E-4,4.2031347537073183E-4
1.6640412140091096E-4,4.049561617018699E-4
1.114834291825885E-4,2.0030093857364726E-4
2.3626851424106402E-4,1.6107969028930925E-4
3.25609932682628E-4,3.4797997759167156E-4
0.004403701155249063,-0.004064883083631312
-0.006261756319281306,0.00679481777070342
-0.004247234817992893,0.004716881296459576
-0.001732784128788165,0.0023484636747610893
-0.0012656771653737676,0.0014210425826806656
-8.623438727800664E-4,0.0011380159251384034
2.1670488599125537E-4,1.3906612650370787E-4
0.002035265051484815,-0.0016436429057959249
0.006275108202738664,-0.005752760511492374
0.009072454471423515,-0.008772204719574312
0.009968676690114003,-0.009477772578939295
0.014889934305072523,-0.014195081755496603
0.01051578328284775,-0.009934649318753541
0.012107657290885298,-0.011950543579562413
0.004995895477452957,-0.0044968829290704376
1.6899039266080935E-4,3.8623035717009086E-4
3.5052843763124365E-4,2.6525203137781105E-4
0.005241349457460459,-0.004798287039721921
-0.0036324960896282872,0.0040483016111385415
-0.004501922693223303,0.005232798515208877
-0.0023330092115198034,0.0027047853551944966
0.004838148910658681,-0.004581431775585363
0.008439232327828809,-0.008202469293555777
0.009865317614202705,-0.009463987575611779
0.012042327414855445,-0.01183304753318896
0.0128231992063891,-0.012221837651513167
0.0112417694536766,-0.010650252932346397
0.009044438704980631,-0.008430502317188357
0.008100363587998377,-0.007885568361279167
0.008319764729557562,-0.007840732310838656
0.01100604295866521,-0.010364332396548206
0.0037964325177217637,-0.003325818131218181
2.8301712840172745E-4,1.1394101599075252E-4
3.1074698517270316E-4,6.793816883527293E-6
0.00493033257637635,-0.004601445924040194
1.4979974680054203E-4,6.548352950850755E-4
0.0022181355643436144,-0.001667544064411613
0.005189949427995103,-0.004418192319955933
0.010274392010803681,-0.00980002950227544
0.010790755323086341,-0.010321507537902628
0.01063034260304325,-0.009878270590653092
0.010676825272806494,-0.009949135005269219
0.011073146893218965,-0.010568440561986454
0.009504016034599551,-0.009083529386657805
0.006122714623048242,-0.005917603439348295
0.005166460133066261,-0.004449675480093592
0.00489884778212742,-0.0041857634182549865
0.005817976580200474,-0.005102038533157004
0.0010403817072366832,-4.5007369503799157E-4
4.842587396666266E-5,3.821305736984265E-4
1.089132797285085E-4,7.064860299323285E-5
0.0044381952007219345,-0.004016699159933328
-0.0036672248181181554,0.00405912426229375
0.002229731590165425,-0.001794005002841459
0.005812534491218818,-0.005091690756908873
0.009896483878003895,-0.00921018749475419
0.011773893692528905,-0.011145470282653993
0.011642524520294434,-0.011402344545220279
0.008395219916286556,-0.007755626729581821
0.014095931484838257,-0.013446796994588006
0.008770636982802501,-0.00852790988449701
0.007775436655718055,-0.007128158607517565
0.0021193871021411076,-0.0013648450924263766
0.0026141578429247658,-0.0019042420457669174
0.008586239427869298,-0.007873256124671792
9.31952148548221E-4,-5.45727608537835E-4
3.6240059119994965E-4,6.376678226567304E-5
3.502236065828728E-4,3.16590241049224E-4
-9.892480963741198E-5,4.017021878620517E-4
-0.00706347238154024,0.007642321636873875
-2.081824812776293E-4,6.444931568842958E-4
0.009273606274235457,-0.008941337554974983
0.007960095004543376,-0.00742048569843183
0.015693205321500984,-0.015150585237519715
0.017817267210088562,-0.017432656131429525
0.01688276017657105,-0.01680616130500977
0.01647947446929288,-0.015897386524429482
0.01117077292895556,-0.010950420900986286
0.004997240408116838,-0.004457526724984966
-3.524293980088408E-4,6.142687821022617E-4
-0.006640177683925795,0.006975235630814966
-0.001898378548739026,0.0024202691691738746
-6.810136508122894E-4,0.001246924134044211
9.692910916343362E-5,3.7785828220765163E-4
3.832452955458994E-4,1.3294423058409375E-4
-0.008732841979213002,0.009165094105508208
-0.02071791538561575,0.021455829803556408
-0.007124342897404429,0.007673892574263174
0.007510103399661744,-0.0068730263630507145
0.013646721592129124,-0.01330913319182611
0.011627763472890929,-0.010968182927460254
0.00678522112814018,-0.0059568559775412975
0.004294505139725081,-0.003891089847867326
0.0055795464746401565,-0.00510418521574278
0.008768268223283852,-0.008101519534841273
0.010907523746103893,-0.01071673394653734
0.017966679374877843,-0.017659691471232492
0.022680329240607443,-0.02218044232716729
0.015923921683829338,-0.015426426250850776
0.0065805700502302765,-0.006034878191863508
2.7340581132216126E-4,1.527413453673119E-4
1.4445698567920682E-4,1.7085330061387545E-4
-0.018656133831976715,0.019498629876422514
-0.047838562143399724,0.04815124590632135
-0.032411862290588955,0.03253979732120503
-0.01035274084770939,0.010734443180733128
0.01221115105892344,-0.011582470832603099
0.022876100647478886,-0.022150252884347642
0.041244840787417,-0.04052863398440383
0.044225598562726905,-0.04387683631110476
0.04430674320960798,-0.04390007551371283
0.03637236648352114,-0.03580640009790533
0.02805991541853402,-0.027749313525578724
0.015775281603449223,-0.015064574263020521
-9.046951874522287E-4,0.0012746034119300652
-0.01070764462484591,0.011266602979512964
-0.010003482334731882,0.010305244016706419
7.717838277346143E-5,2.0429047786156925E-4
3.866005497375557E-4,3.942555374805161E-4
-0.019463943745634302,0.019863616805572405
-0.03456273088689529,0.03511964340167078
-0.026983702763310802,0.027222842650466948
0.00909949081759665,-0.00884697176655879
0.035878125973074486,-0.035322427249182664
0.03892105623362892,-0.03879499889770456
0.03705742272778799,-0.03643904424755329
0.02431230062104046,-0.02378653691578775
0.021219281287381264,-0.020758424781482994
0.015912306717240178,-0.015393218020075613
0.011196356618894789,-0.010764118749971695
-0.004273959148184937,0.004488897663217048
-0.015295523104942534,0.0157907734871922
-0.01889336764969118,0.01908324671262252
-0.016747834718084054,0.017458266584381578
2.52139124120901E-4,1.834140186252488E-4
3.096111719653103E-4,3.4951159489971103E-4
-0.02883601573278567,0.02905755273810039
-0.028089601798369,0.02853133693903787
-0.04467013869433387,0.04513145423457742
-0.015968031749132725,0.01671026157994068
0.012256153830083286,-0.011922839679815922
0.02363167144427016,-0.023353210329497515
0.024778686303342717,-0.024509784000761772
0.022583988137668685,-0.022065163911944824
0.02183080152287991,-0.02138523576992785
0.004729114248395256,-0.004198604833076086
-7.273541977741449E-5,7.337518409603803E-4
-0.02209201723800402,0.022536716659123348
-0.037084207285900936,0.037415762137222947
-0.04431750469846032,0.04483896303505757
-0.029266581172165563,0.02979165057681207
4.317880644874663E-4,8.954336579851597E-5
6.597292268504562E-5,4.158027935305899E-4
-0.0250187786658313,0.025558855727966855
-0.03119344081158572,0.031710099244085334
-0.04703886242453659,0.04743759033735182
-0.019150685490247767,0.01975300565278069
0.00748799944708551,-0.007436571323144372
0.020853776789485315,-0.020239328226279798
0.02212584219502167,-0.02158119191497431
0.023195359779151936,-0.02259229326607683
0.019604102199188803,-0.01928275187475971
0.001965254578232128,-0.0015621500170119442
-0.005540928297517495,0.0057398057715622895
-0.02988891405603149,0.030386128661625617
-0.04647659266780817,0.046837299613023076
-0.056494807188393246,0.057271364640305
-0.014690711369014356,0.015281407460688559
2.813994334592337E-4,3.263395379638383E-4
3.445304727850028E-4,5.402259746293261E-5
-0.012772451131430681,0.013119766942004344
-0.020645168016686317,0.02113293448294117
-0.02653728104629707,0.027202194474072756
-0.00707646160223027,0.007569490463999903
0.00806488181383687,-0.00767236637119058
0.019614049156185257,-0.018841506439932494
0.02399348047426935,-0.023505423386062742
0.02632543689996737,-0.025621771662580124
0.020258606499132584,-0.01988186392546828
-4.3503475330858977E-4,7.916452587511157E-4
-0.011059909993881352,0.011463039029825364
-0.027774350285477558,0.0281563564060757
-0.0415244453862793,0.04200192518343683
-0.04213087489968701,0.04269252169822143
-0.0024984349974164766,0.0026950230014117426
3.509119152987564E-5,3.7398653081249263E-4
2.11571182583315E-4,2.9458025293270426E-4
-0.0034084782467168322,0.003685843416496906
-0.007233765191633566,0.0076137470389055825
-0.009180750505065517,0.009927048090949112
5.968663325528605E-4,-1.91923780679716E-4
0.009038274735237044,-0.00828301988740247
0.01755001484405608,-0.017309591306272586
0.022605670942197693,-0.022017109361937813
0.024363078579762127,-0.024000191324510655
0.018186966655952423,-0.017568593468618734
-0.004489844468600555,0.004833996648895954
-0.010113991009348174,0.010520507923267542
-0.024901696448514313,0.025442785751750078
-0.044370919651033555,0.04474944541821143
-0.0485086444870905,0.04901677231335076
-0.0032790569501679827,0.0034700373687158834
4.0135234310036035E-4,2.118479788406269E-4
4.242438598746737E-4,7.7057654434072E-5
-0.0019245569859897595,0.002398889881394165
3.3244204118128826E-4,2.070096700149256E-4
-0.0029440869982154208,0.003352683515431206
0.0026493576990720418,-0.002449787779932893
0.00762765089295193,-0.0068380324522243855
0.01639320716978374,-0.015928052734009237
0.020835420291201653,-0.020268618989809167
0.019694005277907847,-0.019234428975728867
0.01763190915259774,-0.01731929041490522
0.005205028374760158,-0.00447384346654425
-0.002707786834630749,0.0028731219055222468
-0.022250512369039945,0.022564664043549815
-0.040061442556478255,0.04045526809526901
-0.04339830992367604,0.043500621941671154
-0.0073939382808597106,0.00757157519948213
4.0307968807559713E-4,2.772424441461589E-4
3.2877670979046563E-4,1.4336779559067964E-4
-0.002899507456779009,0.0031369306868614384
0.00212560950480013,-0.0014854155336494976
6.144892529712506E-4,-1.6391443523688587E-4
0.004021430668994658,-0.003697094128979758
0.010283144664568297,-0.010155873788743199
0.014202986564017911,-0.013817463319879226
0.018377909328071547,-0.017925266057389304
0.017777689983982044,-0.017146607804154643
0.020544619891690437,-0.01998632069173288
0.015878538356046572,-0.015250091575610279
0.008806989642257394,-0.008407394649836536
-0.005778673349387782,0.006438758299570043
-0.01950041642684737,0.019872674960744748
-0.033083622429267955,0.033584680814925154
-0.008075940992201023,0.008628291707145436
5.0981260234630996E-5,2.4990538884863317E-4
3.107266492051676E-4,3.6640048465878176E-4
-0.015595551292061673,0.015692731041723158
-4.2005414358329434E-4,5.56887352467567E-4
2.028875565564186E-4,2.9113727541792714E-4
0.0019348813919239842,-0.0018582563780387628
0.004883749019475426,-0.004464466868127497
0.006259619635998822,-0.005914477885177517
0.009355940408909563,-0.008717254250958125
0.009461903048112199,-0.008927854879315873
0.01027536673577438,-0.00962510416139337
0.01411263838248936,-0.013609896057798793
0.015158747372453079,-0.014728956534163718
0.002889372010555232,-0.0024395541381184395
-0.0029100064188967824,0.0032191476701367047
-0.011617711889776132,0.012039092923535897
1.07022228647151E-4,2.7637983278912015E-4
2.4812818839995614E-4,3.757088601144828E-4
1.052228462400344E-4,1.1995692055406798E-4
4.0379992673649927E-4,1.4359296243709836E-4
2.5582311925020505E-4,2.757934580854034E-5
1.9377025563253644E-4,3.5333006112455817E-4
2.449006455536416E-4,1.290150016827062E-4
1.4653792794773788E-4,2.3532223770407097E-4
2.5848398389760813E-4,3.629965904133968E-4
3.368579637215126E-4,4.0869456248580205E-4
3.275406884876029E-4,2.9279874022539995E-4
4.153013958605821E-4,2.0782215981034297E-4
1.7127210262627516E-4,3.673363637206374E-5
2.2123305594074302E-4,7.761031700169532E-5
3.4675094164892355E-4,3.3585545812728446E-4
3.6559559660876567E-4,5.9459415684314235E-5
2.984511585296048E-4,3.5022093526494117E-4
2.1196888433257333E-5,4.54644631492679E-5
2.757229237827808E-4,3.2800048443006085E-4
3.2319662025524353E-4,8.871035108718735E-5
6.338538019969917E-5,4.2048152388323703E-4
4.1342475017024436E-4,3.318699908207203E-4
3.8598705942672853E-4,2.5377158052019964E-4
1.4139330365632737E-4,1.0659796121155636E-4
3.642773131638363E-4,1.345155341023257E-4
1.4646620668675497E-4,8.527307736948839E-5
1.5626112834861463E-4,3.9817573676483725E-4
3.9966386884996585E-4,1.3828646275491937E-4
5.366121408893036E-5,3.524827546852727E-4
3.249839239226974E-4,2.8678858538410773E-4
2.7405472696840656E-4,4.1482107258575767E-4
3.7659699911460587E-4,7.44328346193279E-5
1.8142602760545733E-4,9.94540043936779E-6
3.125612015698931E-4,3.9003940750927156E-4
2.30097126598848E-4,2.409694405044622E-4
2.4630324255070404E-4,1.662861552872315E-4
3.375077036933272E-4,2.5818794581924324E-4
0.006281415963528454,-0.005811457127980308
-0.007068194823332037,0.007262256178323377
-0.004703807160035066,0.005095015767525384
-0.0025482582964993544,0.003004224474000323
-0.0013117921810688739,0.0019150045506246766
-0.0010866686446825403,0.0015165621451983932
8.889034105380081E-5,8.052861810987054E-6
0.005647364155926999,-0.005132429435310241
0.010243026228405281,-0.010031089542618431
0.012509927741529238,-0.011926994207957843
0.011350025159166556,-0.011080417247767052
0.013008837358475729,-0.012400943822078054
0.011746580655936388,-0.011165076266581975
0.015071114398066878,-0.014605836854650674
0.008392353291353826,-0.0078328614327971
1.8172141819457766E-4,9.004916298993178E-5
3.222137772836052E-4,3.279050544000355E-4
0.005196626978215004,-0.0048541191025250644
-0.0037081880598460225,0.0038079862980845373
-0.0052013863275854515,0.005697169103258195
-0.0017680480970691935,0.002130863109074595
0.00422430637239864,-0.003919565651965748
0.009461244613698272,-0.009295296728982971
0.01125124862824502,-0.010594970701784156
0.013047666625870716,-0.01288764294951839
0.016061065252151292,-0.015594400923762998
0.012694619625888285,-0.012379463725407446
0.010161299236932896,-0.009695705365263242
0.009425336352497114,-0.008779844204831458
0.00923767289974015,-0.008981346474115227
0.012681180862501132,-0.012303981241853338
0.004084397462609794,-0.003971884072862787
2.594414040345291E-5,1.8078494985936973E-4
3.6516242448724514E-4,9.384193925501204E-5
0.008318319503285602,-0.008196006508506508
-7.894245605313005E-4,0.0014281006015435828
0.004069360017762898,-0.0038137557929608197
0.005159189525220793,-0.0045061102967058845
0.010249748990316542,-0.009923142226995226
0.012443217931743642,-0.012119536633995327
0.011629413162036325,-0.01133807767829919
0.012262925044677355,-0.011800892170672098
0.012889287912441559,-0.012368131068395872
0.010506428263778771,-0.010137509063204726
0.006945131593904672,-0.006273643581051495
0.00252961673586602,-0.0022424457781222793
0.003029161976681092,-0.00242379385312264
0.005987185938110779,-0.005472731776418887
6.087106706556821E-4,-1.251817668602318E-4
2.045707510198034E-4,2.2504892740974266E-4
2.3147972821064932E-4,8.169856807646106E-5
0.00586274906702961,-0.005388595162043839
-0.0025489314953057287,0.0031660264306617013
8.585194249371684E-4,-1.0443070746268105E-4
0.006985177189322021,-0.00673267617722611
0.010841382127509023,-0.010474739929412787
0.01314645029437704,-0.01285188134255205
0.013417279606077866,-0.012749279454582343
0.009762818352457597,-0.009093715203721589
0.017135231501079685,-0.016678898970345774
0.008260762681072994,-0.007640432681224435
0.008051291770776615,-0.007780393900051265
0.0022715305269562615,-0.001481267457471672
0.0016410764659181916,-0.0013385395195557022
0.007606699801241326,-0.007228108763214157
0.0025918879802760775,-0.002306780658049177
4.203613682869834E-4,1.0188119601793887E-4
9.608999214125402E-5,1.2997292227769747E-4
4.19546263845359E-4,-1.8420127402874473E-4
-0.009415991493663248,0.010173499914710362
-0.001855892895934034,0.0022923968270498773
0.010144661376376407,-0.009711154600854711
0.008666386522865357,-0.008524579095781444
0.015933798104812012,-0.015465147198447347
0.020690171084589752,-0.02016904441969122
0.019918945133233296,-0.019210288325271066
0.01849697365176074,-0.018024935059472294
0.013164212902144567,-0.01266493011781782
0.006173238596567156,-0.005620467575528525
-0.002136323723544955,0.002472797713431725
-0.007019100301939555,0.007794278861693617
-1.7860461787401607E-4,6.608208327828195E-4
0.00146253213848369,-0.0010595193014186679
5.485716177812947E-6,2.98525807420091E-4
3.367285360274798E-4,2.8288623451391847E-4
-0.009988358866790089,0.010493531597522948
-0.023407160713927767,0.023946401950434865
-0.00929752131509611,0.009820847159273624
0.00733720531932223,-0.006602429997309261
0.014357275945234808,-0.013704536162625156
0.011733348661811657,-0.011131931021486938
0.005701311174426245,-0.005092681524725583
0.006523516598974998,-0.006246168578079742
0.008899462861876461,-0.008559531362040455
0.013076076277613695,-0.0128684551071895
0.014126881507367031,-0.01371393411090695
0.019712373740948225,-0.019606554378046384
0.024308068615504937,-0.02406943390402623
0.01808375295426261,-0.017781547796139482
0.007591946633878821,-0.007385942211350495
2.525101115227805E-4,2.8468235398911067E-4
1.3063524075719067E-4,1.6827850197535902E-4
-0.024840859982215184,0.025389830353672933
-0.05689396156741397,0.05748530549998417
-0.035702241758727556,0.03614433786826886
-0.008381996407313092,0.008508659354471166
0.01597079719565986,-0.015372046326784095
0.02718312886846764,-0.026868829818521452
0.046155899735740955,-0.04573039902762013
0.04989076293673581,-0.049480871027151305
0.049734485922174734,-0.04943319373611241
0.04105055737329324,-0.04034122383677638
0.02962276027204988,-0.02910949343443567
0.01563175040719133,-0.015222293188442043
-0.00123663426038328,0.0018720884988022543
-0.012003295383589633,0.012235790973935913
-0.013130072312173708,0.013844652021134638
2.3857252380942467E-4,3.4857642297772144E-4
6.108189493705866E-5,3.6653687991003594E-4
-0.024628429983524675,0.02499918117864376
-0.04219252625942105,0.042695858775461434
-0.0281908022745717,0.028387436408047417
0.00840298101129042,-0.00782255031168366
0.03889461682175051,-0.0385760387670669
0.04213482560163972,-0.041736624802331194
0.039531514036973914,-0.038891244789794346
0.03043072608008446,-0.029929596004043865
0.02420548344458915,-0.023789474798625202
0.01790404111176237,-0.017517148465051167
0.01218542638282736,-0.011660876090792536
-0.004080491224283212,0.00469472532077278
-0.01653264214143758,0.0169216647907958
-0.022811378609244228,0.0233483252729043
-0.019206079461380747,0.019776233344281934
4.114845501155017E-4,4.2665259320414034E-4
1.3549566760125326E-5,2.6220082129688004E-4
-0.03601908336239257,0.03628774996332366
-0.04060846364423027,0.04102506794126058
-0.050594525574452244,0.05085439465792269
-0.020116365174222786,0.020143849856566396
0.012690484429368397,-0.012355497978135474
0.026808783692337884,-0.026521575475966813
0.028004092042630793,-0.02757325908665338
0.026010399014701726,-0.025532747949343126
0.02342085346253599,-0.023329732039356243
0.007805897666959176,-0.007005930326196671
-0.001230265983764483,0.0018795153443481004
-0.02284285789576485,0.02321301399872326
-0.043842464895551006,0.04399662679196467
-0.05071637170867581,0.05119817732332638
-0.03051235650039114,0.030707738402946164
2.7417748312351294E-4,8.407945779320525E-5
1.2070846234925785E-4,3.1960171314600864E-4
-0.029002181445895624,0.029277463300990278
-0.041960594873799696,0.04217112539823512
-0.04974612404561402,0.05019350242025059
-0.021506019395012243,0.021725728716981026
0.0075033579527384415,-0.006749064114114074
0.023341222495575232,-0.023051549780501456
0.025695894963268653,-0.02520045200407233
0.02609747212562042,-0.025540285092636235
0.020070174822298902,-0.019597282233903685
0.0037268888115810535,-0.0030820587905168654
-0.008053522830584964,0.008245760309966519
-0.03564318325517966,0.036283638385182976
-0.052542434246648756,0.05273728962610987
-0.06174599706605954,0.06232977720746141
-0.024142019044848428,0.024487932892291994
1.2372592606011925E-4,3.510886855070654E-4
2.0555006500591068E-4,2.8813884813223093E-5
-0.01394981733494775,0.014218275621064718
-0.02752942248668032,0.02812999254570378
-0.028954580227876805,0.029102909133844255
-0.007909942932903301,0.008323164933062274
0.009230520106532355,-0.008840118211567036
0.021265262816654366,-0.020661942127418804
0.027325021161856103,-0.026531447188522586
0.029246718620722232,-0.029001136871081322
0.02033928635351532,-0.01966706752027233
-0.0013871250787111892,0.001564453654776647
-0.014034234995947444,0.014511844574094762
-0.03258247095562659,0.03322009111301892
-0.046818989560868794,0.047301941895815915
-0.04540597598637955,0.045734871687193195
-0.01006078752847515,0.010587690964260042
1.4482371181435094E-5,3.7339254145163337E-4
2.5959902259767276E-4,5.409432291960935E-5
-0.003995574359503018,0.0046406589628759
-0.009102480062253056,0.009482924100270781
-0.008357867988842011,0.00881175008310047
-3.080734543617955E-4,7.889710306923731E-4
0.009873841354755882,-0.009341035046768843
0.020010715608001734,-0.01964020826035846
0.02550817437738537,-0.024887868335448742
0.027204530776088868,-0.026642986823739105
0.019911189264182488,-0.01962281747244882
-0.004393538348017355,0.004865948726589171
-0.013344570612062628,0.014013722072868835
-0.031790341761242354,0.032043193113411396
-0.05283984271937833,0.053205240325881774
-0.0529517698525257,0.053101129918489885
-0.01031300347060192,0.010515823108907063
1.1248556688927252E-4,2.904188353702551E-4
2.3537692005721708E-4,2.1752376480099614E-4
-0.002791168798682691,0.0031006781379927123
-0.001592711538505701,0.0021627909662229267
-0.002811634330972933,0.002958754377226962
0.002375897245942882,-0.0021842171900268675
0.00837876974526776,-0.007988167811807396
0.018161614217516893,-0.01771105510568187
0.023048030711269474,-0.022472924265335602
0.021914755753435468,-0.021369090533537867
0.02009910169044026,-0.019426738861769093
0.008042684539270798,-0.007384127829692994
-0.0033129901661905856,0.003362686952805018
-0.025753929033112005,0.026057316333205884
-0.04551719151063157,0.04575405181930456
-0.0481688758705043,0.048807605653958225
-0.014154124906744852,0.014407353920957372
4.9799307544474495E-5,8.475813971097497E-5
2.9307738523135114E-4,3.839190910311319E-4
-0.005024188275257496,0.005076020573293764
2.724353397781924E-4,4.574771617505468E-4
0.0012783549727625892,-8.194392314410174E-4
0.004607378481699268,-0.004256863897035226
0.01069751442614175,-0.010231201797824949
0.015690953471849484,-0.015124126669296635
0.01994799845101105,-0.0191534494275777
0.020776950792530988,-0.020251595564846642
0.02307745727534476,-0.022419711326898403
0.019561101158295364,-0.01944029884052306
0.009734610231146789,-0.009483464305153599
-0.006969514704206032,0.0073977969623604724
-0.02142033603780924,0.021848445450753973
-0.037642188290557224,0.03788214382114158
-0.012525338105082447,0.01287283632908674
1.5795270427936873E-4,2.2202810876992775E-4
3.820303886464967E-4,9.479440770045405E-6
-0.013146445798586188,0.01368409402301007
-0.0026511436811541256,0.0033868151046207817
-1.4276171771458965E-4,5.519329834590713E-4
0.001761114946605396,-0.0012334695877693933
0.00563623616350394,-0.004980703622652692
0.007062726911674737,-0.006373372355188115
0.010046765964387208,-0.009493603286917828
0.010047730921496351,-0.00952718549783065
0.011330085954843356,-0.010879471988030931
0.016300911379965113,-0.01590189120538865
0.01765698274745328,-0.017471495870966067
0.005791817790384697,-0.005433206817784776
-0.002692653809129127,0.0031404920328531615
-0.01198767457082219,0.012213196033420984
9.011223369618218E-6,4.06395314111396E-4
3.178810594485103E-4,2.8844912640440742E-6
1.604604398070741E-4,6.277746427635878E-5
2.718561504973988E-4,3.334205851547142E-4
1.73323781304081E-4,2.3872545979017971E-4
2.1241253123885763E-4,3.4243044692475557E-4
1.0872090176357666E-4,2.756838293757645E-4
2.3460066855028302E-4,9.154195568734789E-5
3.9176475964281064E-4,3.8924142044052356E-4
2.454111309233006E-4,4.2518906346811854E-4
4.268694667083271E-4,1.9614198742670756E-4
3.544388428608288E-4,2.7047239086528595E-4
3.951397934584329E-5,4.8847567307591896E-5
4.014861770822357E-5,3.7838434486980334E-4
1.98684990152689E-4,1.725163301602243E-4
1.8037175839460867E-4,1.019083770451901E-4
2.1038855983009853E-4,4.4758807886065E-5
2.700276182632434E-4,3.092774131436279E-4
3.864078197838023E-4,2.0552484787532654E-4
5.17905931668096E-5,3.601148021426958E-4
2.023135056833423E-4,2.2698677522014945E-4
2.35401123375281E-4,1.4178176041048765E-4
7.118101014127962E-5,1.8813645373878893E-4
2.86510803153786E-4,3.726678183660624E-4
5.326500285989161E-6,2.4310000938666882E-4
3.1562800445645564E-4,1.7475579914954536E-4
3.062284116450125E-4,2.617000599530913E-5
3.4517885021956654E-4,4.0337389266563504E-4
2.266430332734679E-6,3.1617841211711297E-4
3.9072265595180305E-4,2.280654942431891E-4
7.93586070548201E-9,1.278760746283262E-4
3.6615052585781095E-4,4.0710818730705153E-4
8.701445741170243E-5,4.0567926726659556E-4
1.409707588366221E-4,1.0842659618394471E-4
3.6163125173076965E-4,2.6375871016328517E-4
2.201293901264759E-4,1.0527728802850778E-4
8.076171629513758E-5,1.3179707997307781E-4
0.006925606662339064,-0.006262572670482114
-0.008533371740200456,0.009009130210767302
-0.0052380604261356815,0.005911523445941047
-0.0023238778622813243,0.0029530327670526523
-0.0013040048480115675,0.0016906836007492224
-0.0011304999591793426,0.0012415556146459419
1.7846093386178122E-4,3.910648790110765E-4
0.004139454596874105,-0.003483062320543234
0.006725226315848762,-0.005991669365419162
0.009740662583042835,-0.009148792158187367
0.012103745726584975,-0.011397206818119784
0.017075295245900186,-0.016559503834333945
0.013236920941365811,-0.012577330077911831
0.015497330284391308,-0.015450068102795709
0.009049958290545534,-0.008995032337684
3.5712783981668413E-4,2.4098906467688344E-4
2.8164475902033167E-4,3.2436707093867615E-4
0.007187399927060984,-0.00646033523413061
-0.003866362026383433,0.00426272439401717
-0.006028370584277339,0.006580046000647052
-0.002948179160897908,0.0035602913244157366
0.004260815049156839,-0.003718161568128522
0.007205670189023145,-0.007084133273537163
0.011161593098114271,-0.010898414223569887
0.014422376195458983,-0.01373264638007304
0.017801897754739497,-0.01751992282710929
0.014305795835601265,-0.014208285609382271
0.011136461798937746,-0.010848385000977546
0.010330916855421403,-0.009909270165597207
0.009811989424047084,-0.009437045032975018
0.012750181096073511,-0.012673815037757427
0.003701202167758504,-0.003332625278457662
2.2269789864506315E-4,3.6248419834134253E-4
6.751956210847174E-5,1.6140125650045348E-4
0.007749235887135676,-0.007516466348227992
-0.0017125098157506496,0.002229183240523838
0.0034938125803151737,-0.0027583320928482313
0.005770691196116367,-0.004943716049678252
0.012658921841378075,-0.012083436981978146
0.013611653176918004,-0.01290640648298639
0.013199641049586031,-0.01245955455342162
0.012339321328441993,-0.011654537530502248
0.013758749171625607,-0.013481535491518494
0.012207249718800352,-0.011590378441444789
0.007915637706361847,-0.007716331247470709
0.004971382772658116,-0.004839161292093127
0.008268415642600111,-0.007787459741058102
0.006142358898127522,-0.005458650908156403
0.001834602791824715,-0.0011183350991696912
3.9681505821234186E-4,1.584615482088884E-4
3.9875687737276407E-4,1.1777015406608578E-4
0.0067530818291640605,-0.006075276075158808
-0.0030893990955704045,0.003715314069748446
3.2186922516227697E-4,2.6671573107066884E-4
0.0075119599235486546,-0.006910954891478375
0.010883115861900704,-0.010337719995104576
0.013813927583408511,-0.013258767065877114
0.014055789099527769,-0.013507604451259427
0.013019339632794301,-0.012495124837027936
0.016469636893365978,-0.01586008004205865
0.008541915041070915,-0.0082015334238171
0.010361020621489695,-0.01013474514673223
0.002096441943808308,-0.001623834008132346
0.0030304187343586785,-0.0028184237978669466
0.010661386056547177,-0.010177215464329353
0.0018637069325261645,-0.0013911731052074364
2.1988068866308632E-4,1.9318058720869556E-4
2.353998781210513E-4,3.3343772871751977E-4
8.159479481751513E-4,-4.6021563444607026E-4
-0.010859039904058608,0.011030695481244489
0.0012659630831072294,-9.687450223041765E-4
0.010849943052034417,-0.010319381173020446
0.010455383873497788,-0.010193913445396283
0.014909917759979865,-0.014138135625825578
0.022429789643318473,-0.021894212490151985
0.021092105596430762,-0.020555579237888776
0.01994443957647197,-0.01948923005674884
0.01399284005390753,-0.013967455292603537
0.006513954370610155,-0.00626978583731788
-5.803666362730302E-4,0.0010069134019545657
-0.008342212966426028,0.008664073527569194
-0.006904463323449791,0.007410030786607841
-0.0038647354576139257,0.00436322309634859
2.3782086537760947E-4,1.0679949636819544E-4
2.963471074367542E-4,2.320113167666446E-5
-0.010331946465400803,0.010617952798116476
-0.02227925464941625,0.022428684533657484
-0.008727855991113654,0.009073192502674196
0.008759768595095732,-0.008361332396228863
0.016988815594161696,-0.01655828433513284
0.014560556713086474,-0.014041613614994479
0.009544062719047171,-0.008958925745152859
0.00613097880190361,-0.005622028314721756
0.004261520398446561,-0.0036882188699851
0.009133735813912495,-0.00865896034953275
0.008557445585980284,-0.007820800326319946
0.016613834111281752,-0.01580346304660344
0.02870174842593897,-0.028334679993816947
0.021499026305437305,-0.021134359430860068
0.01361626093487892,-0.01310803238183247
2.3036719283871989E-4,4.1708981057302665E-5
6.602192083154861E-6,1.3269846262852367E-4
-0.024190534503387807,0.02439262932592799
-0.058380747796032334,0.05872028510320288
-0.03837375934877238,0.03873521399256652
-0.011837960987328615,0.012205536188674456
0.012321195799156527,-0.012117896268081739
0.020820204584464427,-0.020125225967562457
0.04863001710836499,-0.048229973157401525
0.0554886691550303,-0.055254244210350426
0.05570733535450348,-0.05539396077765373
0.05051999157177338,-0.05019654547301144
0.038431532977355604,-0.03806657861674731
0.023149039633937406,-0.022653156628292166
8.04683696116346E-4,-4.714254909542733E-4
-0.011782211864343741,0.011906467750354706
-0.011319454593585082,0.011631747390759393
2.082505537102004E-4,3.350415647868078E-4
3.249877008191165E-5,2.80594709777727E-4
-0.022845473548689214,0.023289831970102315
-0.04223210501185309,0.04275355065596892
-0.034094773661549324,0.03461023017642688
0.00949773843210789,-0.008836575894616543
0.046982830141999,-0.04637342474423893
0.05211180600592252,-0.05192435250930178
0.04897790289651172,-0.0484745684320232
0.034877609614485876,-0.03454132459941856
0.026716482118753507,-0.026092013372489765
0.019620047233432032,-0.019129606364041644
0.013957748139012469,-0.013606340597530846
-0.001757426084598194,0.002115779719431896
-0.017083181847965256,0.01752186775778895
-0.022916544871838317,0.023702833499822492
-0.02068926366165903,0.021437707673745844
1.6437436185338548E-4,2.7373434551483414E-5
2.0517032872442275E-4,3.971918458348675E-4
-0.03282372383577455,0.033059125497555575
-0.0383790326983364,0.03884030584655341
-0.05727577816262446,0.05756743956371864
-0.021965852375823165,0.022541708351379076
0.013834338207038437,-0.013732689182020228
0.029738501119578067,-0.0293861160198378
0.03074034128420162,-0.030642151381220385
0.028847193627493273,-0.028598311603978716
0.02710200138866025,-0.02666228888425799
0.009407161433173352,-0.009022707631842672
9.136357436036209E-5,3.515895921183138E-4
-0.020960562421391223,0.021457594676054643
-0.04325746030881907,0.043501212123678065
-0.05166364580046796,0.051916243263272446
-0.03541744085432642,0.035935591709769114
2.067788094454723E-4,3.4190295262017355E-4
1.8434189206558376E-4,2.141179852724359E-4
-0.02876784732896917,0.02899594475326792
-0.04077390339415501,0.04130936026951851
-0.05886581795371607,0.059398150963183745
-0.02746741093405002,0.02823926271726041
0.007907377405068573,-0.0071637145621383505
0.026036907473949447,-0.025812257802928437
0.02854583235226599,-0.028056156446851707
0.02859906823067075,-0.028292635962795316
0.02436575206588762,-0.024034108414208166
0.0037662159476546647,-0.003359564919790758
-0.006761288304251535,0.007525497570246679
-0.037937012645362096,0.038468142986096764
-0.05862399048122896,0.059017367085108595
-0.0719771512159922,0.07279570332557345
-0.026290531581560576,0.02696407044983128
3.133145914242123E-4,2.76085188101253E-4
2.954642746822685E-4,1.1214179428594009E-4
-0.014572231629927384,0.014699953063033858
-0.025660662674531133,0.026035860271493728
-0.036511394290761764,0.03672072904733928
-0.0114933225441515,0.011767480345822917
0.008818436808554259,-0.008422818142845585
0.024107855029216967,-0.023436382065200236
0.030057414925859977,-0.029616111811827696
0.03200269929659141,-0.031681476761680295
0.025701137630469533,-0.02539902677509852
-2.4029853135622665E-6,4.751791197993246E-4
-0.01113321276048876,0.011556068857022572
-0.03553752149093455,0.036071540651464125
-0.0509782184307513,0.0515629056572081
-0.051400610917685774,0.05190647937332695
-0.008997580037234955,0.009322717470713587
4.00012598321262E-4,3.7885677930967187E-4
2.8781336229727637E-4,9.271812657266266E-5
-0.0047739226090646745,0.0052171492424075245
-0.008312322291967166,0.008402353555364568
-0.012252864648806486,0.012805636207570472
-7.370799013292059E-4,0.0013099864733609645
0.010493633192536832,-0.009858614758813796
0.02182385322387939,-0.021604315246596156
0.02845836671563767,-0.027993334662924498
0.030795462651499666,-0.03018018467578079
0.024842058218589105,-0.024464302605707366
-0.0044232182198985885,0.00470519936659738
-0.014382254203676028,0.01490308782143422
-0.03304233012379602,0.033219175130423884
-0.05539314189971265,0.05583403016981499
-0.059847806605583524,0.060379289295201574
-0.00748100282925485,0.007921984040851406
3.821705359392719E-4,3.5125500805737277E-4
3.90093184862077E-4,9.773612450903383E-5
-0.0019252021399646284,0.002500407583842976
2.0947112668836702E-4,3.3844131675034707E-4
-0.0041545932548647385,0.004435866179821779
0.0029991005466222286,-0.0025888492144330363
0.009242712020287808,-0.00875791164174825
0.020073077190882232,-0.019406331720049127
0.025822488862816843,-0.025735790134929267
0.02421749430625823,-0.02411261617966929
0.02415148403571749,-0.02370229655825934
0.006161022761329968,-0.005831785323905404
-0.004109232030847726,0.004322325470397641
-0.028158097224047083,0.028381820854331392
-0.051632568012316575,0.05167241586038712
-0.055958079029062316,0.056282660905941743
-0.014027687006248592,0.014603275758519343
4.034331670461722E-4,1.8619728825772455E-4
3.3716131340553036E-4,2.0153605497321092E-4
-0.0027726312361314436,0.003439556186985111
0.0011093564206670595,-8.409419688272087E-4
-2.432502183717407E-4,7.814148601229354E-4
0.004265490916786298,-0.0036789204013266013
0.011583571323881369,-0.011369730976279177
0.01731713505050951,-0.016647616688992926
0.021591991037972543,-0.021119116531909652
0.022677564599071606,-0.021964452982991288
0.02520199710147986,-0.024843412707645205
0.021289086590704838,-0.02097936985944841
0.010386314548701587,-0.009709337538507843
-0.006355760284298929,0.006873972885965819
-0.0255406427304603,0.025837449146497382
-0.041313499294309636,0.041732747867592825
-0.016510300626884366,0.01663898768473697
4.169057956758967E-5,1.3137037117496274E-4
1.0869725763927819E-4,2.266954399035374E-5
-0.01554684081899945,0.016035322552596307
-0.001508492551633381,0.001954791125179581
2.703531177189335E-4,1.2120686967753884E-4
0.002675794713188634,-0.002494804819132206
0.006362808221701668,-0.0057697934666582395
0.00905636178509815,-0.008647167633526378
0.011911964843520927,-0.01148250664244273
0.012532787294178194,-0.012319636336996072
0.013945585695747944,-0.013312514477427402
0.01937310832066777,-0.01891885942371325
0.0205404474242952,-0.020167770540627274
0.005403481063980829,-0.005028251582033604
-0.006150084719011916,0.006411736297200117
-0.016647966708623566,0.01707914216055947
-0.0057769768722210554,0.006128733953319841
6.0095949605403825E-5,1.3129046854647362E-4
1.3414846297494568E-4,3.3034019512869314E-4
3.678603804784232E-5,3.139262568255085E-5
7.773524389446308E-5,2.7102438492514766E-4
2.9622635868258577E-4,1.306533110710856E-4
1.518993492609347E-4,3.374892092584622E-5
3.2183063821649604E-4,2.4804504860714334E-4
4.1513426216496275E-4,1.7134625911482656E-4
3.3852267242984467E-4,3.885447206430621E-4
1.9168659170395246E-4,1.58098322348669E-5
3.156874241070611E-4,4.717573384143304E-5
2.5891022817457423E-4,2.845675322279437E-4
2.649614978491473E-4,1.6300795493615452E-4
1.3049073386061256E-4,1.9544248139693934E-4
2.7352300342919694E-4,5.877100102751147E-6
1.2039686547606224E-4,3.5710905704521646E-4
3.6296825786817427E-4,2.729797959326924E-4
3.8932755527952697E-4,3.427092150807678E-4
8.857176449460287E-5,2.9286707308645343E-4
3.60696656022981E-4,1.1247579639285644E-4
1.1897500720364403E-4,1.4852017175849064E-4
2.243399240974511E-4,3.370930929681046E-4
3.188872384618823E-4,3.689037924141347E-4
3.7365954510650435E-4,9.022671014036413E-5
7.644566134357997E-5,7.370275815953028E-5
1.1677549075826399E-4,8.049936752450862E-5
7.767563236050337E-6,1.0962038688074093E-4
2.3598580249684862E-5,1.1304757224384113E-4
6.265267278363271E-5,2.7402827792797294E-5
2.753255963887494E-4,1.2820904437197964E-5
4.231394365200846E-4,2.9797116489163725E-4
1.6306944307547952E-4,2.765663723312301E-4
3.6839897227184775E-4,4.365455118428673E-5
3.482118033414143E-4,2.5835711229823464E-4
1.6038799411053115E-4,1.0908587559301529E-4
2.9224488393868133E-5,3.8163700056288166E-4
0.00565495897191926,-0.005424234743650221
-0.009461962872516782,0.01025443018147541
-0.005979052061369808,0.0061438864086277726
-0.0027815038222730576,0.0033448737951488894
-0.0013464493327327582,0.0018445332519686508
-7.62943149659046E-4,0.0012473823185164823
4.494480764709491E-4,5.028313975226536E-5
0.007165891332251922,-0.006675971510481869
0.008166561843144467,-0.007540400394996303
0.012469378945294885,-0.012018721201742156
0.015239269302643348,-0.014659758746639495
0.01980198659849922,-0.01960944710574936
0.01410670937457205,-0.013916378658615417
0.017528323569654256,-0.01746870394395258
0.008557769803485145,-0.00803799960835275
2.949325628035524E-4,2.903799933568475E-4
2.703476210829604E-4,2.9666693413149374E-4
0.00737584316832477,-0.006887804425627389
-0.004709646306334735,0.004887598019554315
-0.006924477629626023,0.007489574425680034
-0.002074075433023021,0.0027846632672911286
0.004379337959546285,-0.0035912358444551563
0.008817083668264414,-0.008704422035437923
0.01410053950022268,-0.013728665340655696
0.01683629288359596,-0.016314579697437093
0.017923734400212495,-0.017387085091327147
0.014457156820565071,-0.014059634301534975
0.012770399983928362,-0.011922428955492063
0.011472789216107133,-0.011083689540623337
0.010862862273755387,-0.010349111807308515
0.01480586429629554,-0.014552831891909505
0.0053435516326180085,-0.004811173388222885
2.5711800672253364E-4,1.5170249138587256E-4
1.1622836366621696E-4,3.111339658617008E-4
0.00937866685941825,-0.00900007048982542
-0.002553424673085696,0.003081555648285549
0.00620676045132276,-0.005800327312468294
0.007293843036657461,-0.006591371519403118
0.014019650659636456,-0.01345206484858784
0.014636174119624038,-0.014155812961499079
0.013807981676889623,-0.013434677377882466
0.014647189384235305,-0.014216200083408107
0.015446921697311457,-0.01490396896602079
0.01303475665063082,-0.01267398833604476
0.00844499184953957,-0.008165238495407063
0.0033793651127264797,-0.00314845415299029
0.009761557230370812,-0.009272569121619785
0.009816270143929277,-0.009337103480345648
0.0016412746592028927,-0.001034754383015143
3.211447845472153E-4,5.975512916518414E-5
1.7162365799822673E-5,1.165441390529069E-4
0.005704911266653711,-0.005560413743936065
-0.004289104544415229,0.004683646615082042
0.0023845396767858177,-0.002000885501120562
0.008425696111829745,-0.007782782580854781
0.012506901112816222,-0.012135157091987911
0.016278454329314847,-0.01563602100880276
0.01621237865053334,-0.015507540347510285
0.0169136854421294,-0.016518714952054116
0.017560426221885042,-0.017316438561936615
0.0054492618123835376,-0.005113178532017618
0.012823459804223886,-0.012525774284906442
0.003281512679323096,-0.002705998334218356
0.0026007998685228253,-0.0020567625222015634
0.0116891815715348,-0.011396474767466833
9.916768180435573E-4,-3.835265198963857E-4
4.3461703916401204E-5,3.7201030554771065E-4
4.505892313650602E-5,3.270778057731674E-4
5.495384165812687E-4,-1.7588073466323615E-4
-0.014362439317876882,0.014950110163266027
0.0030335450765927702,-0.002859288132749413
0.012171144526867557,-0.01180696418417628
0.011449879656105034,-0.011391849773567022
0.023057786847021033,-0.02229642367408521
0.024375607501731105,-0.02403360104086958
0.024446686451141647,-0.024057112223768364
0.022449040645050863,-0.02197443218642737
0.015530114597398193,-0.015083934311161932
0.007222166473047061,-0.006765301804846735
-0.0026336153012078336,0.003219001403152943
-0.00968900598282776,0.010272162962374216
-0.0065383085601842085,0.007082329108336841
-0.004706836323507816,0.0049913630505618225
1.1250487843352944E-4,4.1383105901016446E-4
1.7916237007130595E-4,1.293235598580219E-4
-0.012603560656032598,0.012933139081190743
-0.028487269755155236,0.029187955135561352
-0.009577898495835289,0.010207385061528079
0.010417771667298834,-0.010127164273522825
0.01845231692454835,-0.017794395213933983
0.014183502553692204,-0.014080322374818915
0.010071681151536966,-0.009478496023816549
0.005486066141080475,-0.004812268996139668
0.00669847531996445,-0.006416990768755126
0.014132567662187045,-0.013569564417704814
0.017025512673869998,-0.016326293813644886
0.0240853175104337,-0.023376721048428393
0.03090589548078064,-0.03060927933790854
0.023019112617368796,-0.02250929360600716
0.012578878040554761,-0.012233668020582697
2.9998527568518015E-4,4.245377048119524E-4
1.371243744805261E-4,2.445682659185447E-4
-0.032270009829188394,0.03254188907543803
-0.07057548465579745,0.07107675000481085
-0.03937395081733996,0.03983600633222841
-0.010858867318434866,0.010975695714500381
0.019739734379241338,-0.019013535979791853
0.03151816181578862,-0.03095299039596567
0.05740837141714491,-0.057328923727392254
0.062018731758339316,-0.061725862663817826
0.06071069140463528,-0.06009306727815963
0.05384836976730076,-0.053212959194129446
0.037911584945824334,-0.03749349382950526
0.01956595511840639,-0.01893476496966835
-0.0018894259901256183,0.002373755945579026
-0.015032303980986192,0.01557364493759094
-0.013569530760730685,0.013760994508168268
1.5990793770522235E-4,3.402762970700014E-4
2.2760133750067155E-4,3.546729119342794E-4
-0.029864446953284815,0.030458898817507817
-0.048658049146613085,0.04918026408200178
-0.0350054319144987,0.035352970940294846
0.013184439857310975,-0.012870813113073453
0.05080057669989703,-0.050642753423183216
0.05517073644719696,-0.05495167038788648
0.04996307602964168,-0.04947698422504691
0.03501662405395481,-0.034624086661035794
0.029678589673461004,-0.029383310679187823
0.020165982253739882,-0.019729910817404626
0.016304568195024804,-0.015729368471854074
-0.0038400285035805485,0.003954868610979415
-0.020141704597000123,0.020251177226401584
-0.026010909116971324,0.026386723820032893
-0.022967268059454756,0.02329541398620623
3.2299373736769006E-4,1.5764381123068477E-4
3.189833021781662E-4,6.435387382781365E-5
-0.04203114971937127,0.04254760521061226
-0.044487182752522184,0.04494944345690929
-0.0643614561517008,0.06470750385478527
-0.02197769033964067,0.022219094300650843
0.01781025511738511,-0.01716321610211163
0.0335952062364962,-0.03349818805606134
0.0343433901431445,-0.03409759791738813
0.03228615508823275,-0.031840733567352425
0.029545628109153295,-0.029005163810565157
0.008417716217464035,-0.007987779205578721
-0.002160029377309636,0.00235788479156871
-0.02856407302293061,0.02890243110832301
-0.05263812872385484,0.053134749417733156
-0.05877460055414881,0.05928952279653983
-0.03442968869028479,0.03493874472527978
7.986225297376787E-5,2.4125231660065982E-4
7.327556640834065E-5,4.287676025523572E-4
-0.0342423269706954,0.034405515336919414
-0.04801361963277599,0.04855690004070915
-0.06370191683533498,0.06403815601622509
-0.02804695559197529,0.028475863341711507
0.010699395550023694,-0.010150208954745523
0.029630691283633052,-0.029052206090148875
0.031240280313826724,-0.03062014713774406
0.03218533881442139,-0.03216562138997116
0.024750763781964495,-0.02451012617973412
0.0022411698647931354,-0.0018245296262913888
-0.008968743477010448,0.009357094043148642
-0.044041320775411986,0.04425676868138597
-0.06602231088521779,0.06661380557529138
-0.07729031716476273,0.07802808936778173
-0.028123920394289875,0.028406875346219652
1.5474552217889826E-4,9.349869841369662E-5
3.7125155519371724E-4,1.1212288273604697E-4
-0.016327853667459705,0.016757606633935787
-0.032988887686508865,0.03334269066295563
-0.03919433776048447,0.039468768321923954
-0.01057633055254319,0.010985973696234943
0.011409815154058044,-0.010767035744530244
0.02752347109123713,-0.0268231756905066
0.033928447942996445,-0.03341973120536531
0.036383228606374406,-0.0357377470245316
0.026558615728726316,-0.02597642049643229
-0.0010633982047536417,0.0015015970000838
-0.014262749058839307,0.014842749268400238
-0.04166471631521949,0.04218705394456129
-0.057913762950136706,0.05802762379411102
-0.056121148819970115,0.05694164997870989
-0.0052811896909322744,0.005731459786425781
4.232806301405851E-4,4.278471958650537E-4
3.5671113707492976E-4,3.269005891515719E-4
-0.005800152868293977,0.006191589808391111
-0.010236592438075629,0.01079824116898471
-0.012321164601259151,0.012830301319351034
6.949333698924941E-4,-1.0106473116447771E-4
0.012500854800896072,-0.011954956956532163
0.025942074070079296,-0.025551626749437274
0.032040136726206404,-0.03155948669674955
0.03370274047749603,-0.03334234625007903
0.026932629372820347,-0.026209783681922557
-0.005812212578361283,0.006238425199651949
-0.01620533540467015,0.016516242672226674
-0.03996520832999365,0.04031663677805638
-0.06276379091331948,0.06307115641213316
-0.06815506815619668,0.06885434577355626
-0.004528372202243902,0.005224307718257324
2.1688158093957405E-4,1.5995239504573846E-4
1.986949007551091E-4,1.1211136352908862E-4
-0.0025987333964613514,0.003041000837061675
1.9659434283722743E-4,-1.062539975063282E-6
-0.004301548749100855,0.004599545282159949
0.0034817227458428155,-0.0032043734389517256
0.010758933596399463,-0.010099341080929438
0.022980234045381583,-0.022755752097122658
0.028143036720476317,-0.02763007463669795
0.027432154186003095,-0.027077190133356136
0.02686144679097107,-0.026511897456997943
0.0062341153263666535,-0.005547669747262854
-0.004447319214375758,0.004537297492031167
-0.03369968382234718,0.03378604152458127
-0.05814896189922751,0.0588452758861333
-0.0630955741579456,0.0635011693400815
-0.011661945788677349,0.011716386846307448
3.974114191135188E-4,2.594408516796741E-7
5.3088568274760484E-5,1.3789281707172037E-4
-0.003653469688752694,0.0039448434203080245
0.0017718082864699915,-0.0012524396462329044
6.801650985073266E-4,-3.3963960383721816E-4
0.00582725472678191,-0.005205481931946797
0.014084852548264191,-0.013617269906378801
0.0196072378348746,-0.019145256010413027
0.02508257479499158,-0.024827085847143552
0.025175626321397363,-0.024770951124593023
0.029282924219171176,-0.029168610669363316
0.02451257456588111,-0.023997860929544708
0.01199956621927221,-0.011682161572554996
-0.007484643479397449,0.0078695902382711
-0.02770880871279365,0.028045789772690254
-0.04657853454056702,0.047283249417197956
-0.014685239521485108,0.015193055012207163
4.851877059615142E-6,3.0600371232173974E-4
4.29547721089679E-4,2.1533161026294099E-4
-0.017076506179311474,0.017507100032860004
-0.001494090995795779,0.0019845929916300848
3.866885717766971E-4,3.4277450279642576E-4
0.0032873776767801738,-0.0026881826714582617
0.007876603273448465,-0.007480678968472861
0.010427721859973841,-0.009750146350111611
0.013214893757891906,-0.013030873750738437
0.012170751766183669,-0.011930171053371273
0.014272192382275886,-0.013892237471127045
0.020548882596858345,-0.020181889978685884
0.021799410775607077,-0.021499253886981297
0.00514291198430111,-0.004667313336927911
-0.006974810679286768,0.007325332306073056
-0.020213601995254352,0.020507896863345736
-0.00411155865449203,0.0045340019758417505
3.0065022185651045E-4,1.9169618038528225E-4
1.698927825040046E-4,3.598075243442053E-4
3.1322142573909006E-4,4.0843265695162116E-4
3.964380777581313E-4,4.742336512116957E-5
3.6624746100290706E-4,3.71268161116275E-4
1.214251739325278E-4,1.0308166506238788E-5
4.197531445882443E-4,2.571704063620901E-4
3.097466149108944E-4,1.004370106891345E-4
3.931909627088673E-4,3.465375400721834E-4
1.393434085120977E-4,1.925214989987219E-4
4.302471225690693E-4,2.8120343951616467E-4
2.0276560738041507E-4,2.0062523854247398E-4
2.7748983651397404E-4,3.391266526243807E-5
1.6627501983824096E-4,2.061946691546746E-4
1.6959907391334017E-4,3.4639458908395585E-4
2.2857829239199585E-4,3.032185155959259E-4
2.529300755748062E-5,3.091110118873323E-4
1.9131565352019673E-4,3.9178707156889485E-4
4.0181710343575975E-4,2.820984907557915E-4
2.8041040201198894E-4,3.5787008619169683E-4
2.82852069611377E-4,1.3321406946793714E-4
3.561843207525921E-4,4.321450373618202E-4
1.496328657983667E-4,2.4388820845288144E-4
3.951602737223171E-4,2.4184267536781954E-5
2.74733832724647E-4,1.5924637198234173E-4
3.1199179461127176E-5,6.329653776242183E-5
3.9136286016316777E-4,3.39873757451198E-4
1.343523546061241E-4,2.971013198018163E-4
3.021670609358465E-4,3.588137119344766E-4
2.2857234959357568E-4,1.4155707488243245E-4
1.4719763888050954E-4,8.999221258007975E-5
6.650068551105514E-5,2.8561033209854213E-4
5.8078497311190596E-5,7.771367663292643E-5
4.2034876496353666E-4,3.9216568085684474E-4
5.446790563556053E-5,1.258848095385934E-4
3.650066940732624E-4,2.2995744278794323E-4
0.0056701817676575875,-0.005156172507308257
-0.004504907284273711,0.005125920033467045
-0.0033188723223711927,0.003840841131620285
-0.0014864229093099139,0.002105139813542273
-4.959350719806332E-4,8.549327373235145E-4
-6.327424289349241E-4,0.0012626266823405638
2.1741741732326787E-4,3.968038743098158E-4
0.00220621993416158,-0.0017445550197300748
0.002619650284796079,-0.0021039590606462865
0.006319343077787828,-0.005726885626148396
0.00877567753259193,-0.008044407086542919
0.009781160785610683,-0.00920942639248904
0.007473157306822427,-0.007136597110655752
0.009072773028041747,-0.008369806237787741
0.006365994135693492,-0.005619941347977119
1.5992401194827514E-4,2.4855489808192296E-4
2.2521543411728006E-4,4.1972681831383535E-4
0.004581068412147819,-0.003993367094880039
-0.002352465620971473,0.002620429693200328
-0.0036071361135509906,0.00400962115030121
-0.002608510174731347,0.002733935722724378
5.764891697378375E-4,-1.174419944310478E-4
0.0026534031238942893,-0.002205851229165874
0.007784391623365856,-0.007388691865353971
0.010388048507665755,-0.010226624813722697
0.010140584967168279,-0.00988136081309884
0.00800093640423688,-0.007483271336851293
0.006842873876046707,-0.006397165023804223
0.00649811717291297,-0.006013744895037184
0.0057961467549480445,-0.005173899788819723
0.007450192724867369,-0.0069273322394773715
0.0023135280865979727,-0.0021683674479126493
1.4601651242526146E-4,7.614457288677278E-5
1.9714786921545976E-4,4.187115713672253E-4
0.004551384390581705,-0.004272551316058774
-0.0015928355008578996,0.002202095992261467
0.0047807800597118085,-0.004228717922914283
0.004193091058556073,-0.003775858883071131
0.006397150476884717,-0.006006318577135632
0.007182954099273476,-0.006658209069606693
0.007179715159272941,-0.006990349268483037
0.006550417952527711,-0.006126454055771173
0.007887253030231377,-0.007324113426949449
0.006925940293789604,-0.006564581942266197
0.004948351205187725,-0.004702645238435956
0.004035021296688766,-0.00340610386435943
0.005109688636717161,-0.0045136363954254065
0.004235442241819857,-0.0037190403753879528
5.072168271507199E-4,-3.345033477201502E-4
1.9773939821313174E-4,2.1321063452401737E-4
2.1975627801004783E-4,3.802584598408266E-4
0.004217485009169281,-0.0036445203965234
-0.0019159588524065034,0.0023758883961928975
4.240727055859293E-5,7.975576739333958E-4
0.003963646578438196,-0.0033306092832190524
0.006011105554776635,-0.005430291301013308
0.00823979552699088,-0.007949289272408766
0.007968269259936763,-0.007835496500037824
0.009121796471352871,-0.008505488885881539
0.008937218125453074,-0.008642337353697528
0.004530668753088808,-0.004329881271269365
0.0070996783837792374,-0.006738028352402109
0.0025802976808141985,-0.002278699254694489
0.001653990713361347,-0.001345996061092738
0.0057739153687446825,-0.005231459972259694
0.0015228865816632742,-0.001041737330948827
1.7812839872384615E-4,3.9978288000151106E-4
2.038853377794435E-4,3.764002572454328E-4
7.752249942396813E-4,-6.047285829970825E-4
-0.006220098631452287,0.006483035467803473
5.488449923078902E-4,1.5179895682194248E-4
0.005348050463319331,-0.005046146705511948
0.006171568259748074,-0.005742538688489951
0.010282403304963212,-0.009697566725278491
0.012327695533983694,-0.011811505287825558
0.012359627921343144,-0.011712795183948577
0.011644976215488797,-0.011385341811264018
0.00869585299764851,-0.008253451904248614
0.004650857746832576,-0.0041157017847006285
3.308175542465311E-4,1.828082048450119E-4
-0.0027410986827071417,0.0032210988698260726
-0.0026608719253459496,0.0030115145771253747
-0.0042441924716774245,0.004520772184462207
3.0096317614580065E-4,3.50701742038312E-4
4.117592207200671E-5,4.212020804519949E-4
-0.0057672756179822735,0.006160794804631304
-0.01207537541641491,0.012354971412195062
-0.00519602894053083,0.00540944045070191
0.004930529756546669,-0.004428658011634051
0.009944941767796561,-0.0095187649902255
0.01037579277728242,-0.009956331234831582
0.00887314018821823,-0.00817441876359239
0.006288374210611318,-0.005831383166387809
0.0037681572268244805,-0.003132515570374443
0.00449840221836051,-0.004141493795900039
0.0058904383858588445,-0.0058563228480174425
0.009127681003388195,-0.0089606462507996
0.013455769452822987,-0.013006377517887658
0.012305555196216032,-0.011924972724791073
0.008413746257925047,-0.008010147650189273
2.0573441918060427E-4,2.409868931498494E-4
2.0607475254166288E-4,2.7931672863129895E-4
-0.01438846674819208,0.015074529741296566
-0.030250479097225055,0.03071366850511375
-0.01801247312210515,0.018227010632694298
-0.0072432395427702665,0.007585943954105183
0.007605895897116561,-0.0072269915383694535
0.014553760338926636,-0.013807693082015777
0.02683856942959866,-0.026172620466635346
0.029802174340396493,-0.02898316768995485
0.02997231857879604,-0.029239233923457918
0.028113420825312416,-0.027869981686146055
0.021367022617448665,-0.020997279851481827
0.011169905335994103,-0.010410948376142716
7.758026257017179E-4,-6.243315052399364E-4
-0.00660880036834918,0.00703357981018976
-0.006066751225441947,0.0064833901015640925
2.4099873382957097E-4,3.3895293132618875E-4
6.733574443231013E-5,4.307608865761778E-4
-0.012777863249483592,0.01308324748130108
-0.02500867589602142,0.025479434982355807
-0.020282888188238417,0.020799483986126407
0.003109338073305434,-0.0025386825421380758
0.023132601193474912,-0.02257760540952638
0.028280856640801617,-0.02818555213877993
0.026346908148653973,-0.02590680508416904
0.018957473427807476,-0.01868172654559616
0.015531737264292137,-0.014843771931174624
0.011601690681656214,-0.01112530365022917
0.009569884669535303,-0.009462777972129703
0.0016942382973236826,-9.033934897748708E-4
-0.008435375978116146,0.008843670387593828
-0.012340830759419462,0.012928476537885081
-0.011995777253615156,0.01263450721442948
2.922822774423658E-5,2.4841565256705895E-5
1.8563738361407846E-4,2.1006022047693476E-4
-0.017811138017536112,0.01803177016035098
-0.023445837158426998,0.02390739806096317
-0.03435176929784016,0.03479190536329184
-0.013002699177143957,0.013632947598280806
0.007153806007757837,-0.007122945004509674
0.016765578109054522,-0.016413367131713274
0.017899719214078676,-0.017617831990209623
0.016894085453616026,-0.01626928943086392
0.01588422061459148,-0.015672857954479924
0.006649568275091872,-0.0062130894343834535
2.763667775593909E-4,9.278537631780092E-5
-0.010541877303803092,0.010637118184778803
-0.02461120866296142,0.02509809440419515
-0.028719885348105576,0.029044476861487513
-0.0190563714769183,0.019600912378879638
1.857910770506566E-4,3.5933208296175045E-4
3.6709331901877425E-6,9.233296381418361E-6
-0.016534543193037026,0.01690649591854381
-0.022947793322482615,0.023174667430894066
-0.03292667773346335,0.03316592604528405
-0.016720265560133455,0.017025370193930394
0.0034680333678840025,-0.0033595714302169675
0.01480827699528886,-0.014335061087165825
0.015584801118381255,-0.015240958533352892
0.016188284401379358,-0.015487823273903795
0.014475704011755736,-0.014431876736016723
0.0014373477638083922,-7.883903603320603E-4
-0.0026526239531334587,0.003087229794817638
-0.02114767677587587,0.02186892671545474
-0.03091775660956427,0.03121453657952134
-0.04012106848906903,0.040413768113611505
-0.01763418139214093,0.01791928390813662
1.1080660048232087E-4,2.98821105080376E-5
2.848305473657193E-4,2.4067914001911202E-4
-0.00850274214132092,0.00904570321429344
-0.016333339083149392,0.01674355405562778
-0.02164436578768465,0.022385294498196852
-0.0073761405735402776,0.008038732491868629
0.004613282043642685,-0.004038232130052971
0.01337027778637755,-0.01325926821866331
0.017004748816767206,-0.016442662940372377
0.018022206848898367,-0.01757836942362203
0.014683745097672826,-0.014400106598252261
0.001747235903978287,-0.0015456134349905511
-0.005456971196353393,0.005660944409163599
-0.021139180655772326,0.021401196965814797
-0.029896953344418414,0.030231074122428023
-0.02929751070351771,0.02981150698603075
-0.005722663187037076,0.006456208581033223
2.662049967616586E-4,2.0363016089158922E-4
1.2113730452085486E-4,3.1652962900331755E-4
-0.0025486849515810404,0.002774811303947924
-0.004343489854105842,0.00499248107068166
-0.006458025472352132,0.006823567286429907
-6.187730775362039E-4,0.0010001339644360014
0.005855298982441262,-0.005230079824457338
0.012132321750774406,-0.011699597584149759
0.016418297308970223,-0.015944871704246005
0.016931398586323386,-0.016588323280876227
0.014954947242366493,-0.014337090238957188
-0.0016517960286878224,0.0021697046935236623
-0.010393213449693173,0.011095281787678357
-0.01659299081943037,0.016857674785798565
-0.03133150914963653,0.03193354136377737
-0.03638173466478218,0.036717455158409296
-0.006239275184166724,0.006394518968691776
1.7724240856587428E-4,2.588616378344349E-4
3.412802894692749E-4,3.466049906406584E-4
-9.420766443529585E-4,0.0012135158475870386
-6.683936327314255E-4,9.297598001792096E-4
-0.002780959388438751,0.003249571341291338
0.001413726961180808,-0.0011822359875793694
0.005094276011994304,-0.004738535515971591
0.011122625325099281,-0.010562226653293818
0.014099018814826442,-0.013558989331481235
0.01421241391702781,-0.013540426422409
0.012803940460961921,-0.0126894982904272
0.002745333244056236,-0.002253009650577019
-0.001220840446491667,0.0015809603155987168
-0.014993289994685416,0.01546359219523457
-0.03054597403075156,0.03086946092366828
-0.03347053900814504,0.03388935785618905
-0.008601039477221776,0.008772355931517248
1.5388070215656934E-4,4.2187494626648225E-4
1.3963213721156624E-4,1.39634104782427E-4
-2.5677861321883605E-4,7.731382512438037E-4
-8.136746685585794E-4,9.118503390748055E-4
-4.188669568205345E-4,5.546191114582147E-4
0.0023512239923007736,-0.0019371091899924669
0.00643197629048051,-0.005711489228167722
0.009704888718959519,-0.009274315720360507
0.012400277638505514,-0.011957964919432624
0.013340830012421622,-0.012933959214284247
0.014492437052974486,-0.01413297432902416
0.012774281264615448,-0.012322669695674488
0.006583538290928599,-0.006292672064131411
-0.004096551684032076,0.004552253978427399
-0.01401111487465607,0.014235639823317905
-0.02400866734362229,0.02413403323225314
-0.01081317733763245,0.011125706178998652
3.113453579675662E-4,3.095357290296828E-4
3.3313670531424515E-4,1.9151744120144708E-4
-0.006276176232597515,0.006801502937789863
-0.0015667458263802874,0.002319611076510041
7.357106151390756E-4,-4.5384487931179884E-4
0.0019117880145294102,-0.0018435692816338768
0.005076146763903508,-0.0046778930656641675
0.006005292777293958,-0.005262502148185866
0.0069702362474718645,-0.0065683929667216786
0.006702446543119848,-0.0062024142511834714
0.007405183628135047,-0.0070899466868616775
0.00833683736180663,-0.0079337178296903
0.011918398543296063,-0.0116549306904872
0.0051747677225711134,-0.004567294705464861
-0.0011610419110538654,0.0012875148702127498
-0.005932953995028467,0.0063530696856756615
2.226863299473325E-4,2.293047753119356E-4
3.5270085721728317E-4,1.7495607507586464E-4
1.709693537324156E-4,1.3553463342491021E-4
4.3129804433936615E-4,2.2507623937285156E-6
2.100911632802411E-4,7.922361162193509E-5
2.216941899414291E-4,2.1509566986157238E-4
3.403334606304657E-4,3.51560433417595E-4
2.0100211548123795E-4,1.891816300767255E-4
2.5541916451998667E-4,3.746894548994534E-4
1.874348487194746E-4,3.904756806563476E-4
1.4317191004263014E-4,1.3450207429900485E-4
1.235395240543583E-4,2.5305141626820446E-5
3.5176471061985925E-4,3.042850185655328E-4
9.52447038474803E-5,8.868448361724527E-5
2.6158811768305903E-4,3.959890412682118E-4
1.471993336004247E-5,1.7768141991225352E-4
3.64355292801572E-4,8.002327078289544E-5
8.480634510004118E-5,3.372634762414823E-4
2.449848814058175E-4,9.342233060462965E-5
2.9771550370857495E-4,1.6520904827314764E-4
3.6145774187699867E-4,1.805258431292719E-4
3.1637980713808563E-4,3.8224729602841776E-4
1.2980312228619544E-4,1.1732305681307835E-4
1.951752280459978E-4,4.127079696949073E-4
2.643207186361944E-4,1.0879165271411653E-4
1.1288214288553222E-4,2.576797775042706E-4
1.577083131103207E-5,2.9229434011861894E-4
1.0259079161644266E-4,2.8114354156801995E-4
3.942971327610337E-4,1.5845497411748103E-4
2.0276511373439633E-5,3.728812426970241E-4
4.6826656777870454E-5,9.073540439655382E-6
2.122524182203435E-5,2.3345686618010408E-5
2.2906511254424931E-4,3.2408920428630083E-4
1.622569200743658E-5,6.552360610673723E-5
3.2533253636097035E-4,1.3750439718193693E-4
3.104040909227955E-4,1.68262030247741E-5
1.4093911907878804E-4,1.1481507708390487E-4
0.003068825744164854,-0.002683567425531968
-0.004929281053240082,0.005411258680879529
-0.0033086039522532192,0.0038715542463922574
-0.00167263574396274,0.001968803056360657
-0.0010744532728488914,0.0017060080362664308
-5.199380942332285E-4,0.0011436609268073992
9.753438366472102E-5,5.22793720844531E-5
0.003455913588619903,-0.0032369709050352733
0.007009546512403887,-0.00643464251675659
0.007824457563744966,-0.007245165923441184
0.007329005256394194,-0.006710514923824466
0.010310775770868315,-0.009715345530208606
0.008085009865619651,-0.007756654143922673
0.01070143614185597,-0.010088378770585837
0.0035695069706182937,-0.003019769711214502
2.510654509047038E-4,8.490870977390367E-5
3.554270611689967E-4,1.4033733443939088E-4
0.004026891483841094,-0.00336869364499234
-0.002904832910679074,0.003377195538937344
-0.003496124454074635,0.0040362261161106285
-9.728889268111456E-4,0.0012494970240424104
0.005380520937931816,-0.005031053383416458
0.00679941700327441,-0.006314875642875081
0.0063878199512927775,-0.005894738524553559
0.0111489375686335,-0.01053285623379704
0.01173022135716386,-0.011314740758931692
0.00919049497377237,-0.008816248732258903
0.0070870518958681475,-0.006906849201864839
0.00704643942746727,-0.006388381859385428
0.006914905684624676,-0.006468587425257744
0.009245548200249773,-0.009125455393894385
0.0031858606646354096,-0.0026358737856331583
1.4902021269626168E-4,4.721421063664401E-5
2.9417443268171226E-4,8.509089236958892E-5
0.004932535138009977,-0.004332271728813642
-3.799043825222161E-4,7.066524238651014E-4
8.256655188736126E-4,-5.518744481746311E-4
0.004385765454614617,-0.004099802079340161
0.008760024183646608,-0.008099319016271886
0.009332652343613555,-0.008832743837949767
0.008362419684977423,-0.008008905806661363
0.009300359427897356,-0.008686886060996452
0.009620023060235823,-0.00930165851544525
0.007695057107733325,-0.007110454228237569
0.004837490702789727,-0.00419278416864903
0.0023879243097702594,-0.0018977067006864772
0.004232892983682526,-0.0040376032653948925
0.005786464096013026,-0.005410331218500563
0.0011427698603473336,-9.193965274193008E-4
3.483898537540399E-4,2.2616317136066018E-4
2.0067117031449463E-4,2.708026592565697E-4
0.004374549912907645,-0.003998698595639838
-0.0023802301319280025,0.0027772739775688334
0.002058914078758903,-0.0017874357901114476
0.005200382713227363,-0.0049349630996800955
0.00842601986263499,-0.008088339068673837
0.009775907134688894,-0.009285387431860522
0.009827102700000463,-0.009274089909274332
0.010688589325242095,-0.01039081688778345
0.012317869683333876,-0.011959349028917826
0.007213401627753606,-0.006951703986044332
0.004939692815515355,-0.004894573053991267
0.0011209088656044136,-8.894778572548595E-4
0.0018945234623309276,-0.001392983631316178
0.006188298197122506,-0.005739289158230591
6.571647854201897E-4,-2.826676526301952E-4
4.0513595828876983E-4,5.876228671990622E-5
2.2944871036649058E-4,1.1847898581774432E-4
-5.868836680032294E-4,6.755788656386189E-4
-0.007156184666486236,0.007376300257549892
0.0016481186611952054,-0.001450311091893907
0.008171263975595302,-0.007649800313323619
0.008011280656215265,-0.007741731147305818
0.012927711907062184,-0.012376995647298238
0.015210166690761657,-0.01450983163048637
0.014367067037176202,-0.013706004463506808
0.013523978527268846,-0.013103886077341345
0.009082760664005889,-0.0085896127332997
0.0038791307885389535,-0.003059483524576665
2.4392395770390262E-5,1.8652367842603414E-4
-8.813381718096444E-4,0.0015698824040368477
9.541041405826695E-4,-2.641856170998688E-4
1.747911312844408E-4,-1.7806538852690145E-5
2.985278504716064E-4,9.759280027029977E-5
1.6563488556948095E-4,2.376601473599436E-4
-0.007428339452268831,0.007507069597036493
-0.01803403137071485,0.018456768868251674
-0.006312364950255853,0.006657472785846397
0.006067609052087556,-0.005948735278116804
0.0108936701926401,-0.010536453325550744
0.009566893260464606,-0.009087971840511385
0.008435475256471954,-0.008002825456444245
0.00949717580332051,-0.008801852518697986
0.009180136990153123,-0.008574690498945771
0.011629142135005443,-0.01137875465439915
0.011924615091761038,-0.011310170581248596
0.014648119084228205,-0.014220025652744016
0.015912629581782325,-0.015257964061018592
0.011297348651794901,-0.01050816718416836
0.004379853956127462,-0.0040406899789757035
5.1072404608458494E-5,6.127398085063507E-5
3.4051683082410674E-4,9.211696737217928E-5
-0.016923769822896957,0.01745974936696515
-0.03782518583823177,0.03817740874809618
-0.02289984095319808,0.023522640222458174
-0.0049667769700780465,0.005432500390307377
0.013968116319705254,-0.013386071320207058
0.019573620628292092,-0.019139722402418423
0.03334938960677531,-0.03305154718452882
0.03647544647805792,-0.03575922099430209
0.03296409669086516,-0.03258707860571109
0.027463079814423193,-0.027156607590062776
0.02213652046840796,-0.021638533833111002
0.011158417701814393,-0.010818534366985513
-0.0017332049858813391,0.0023119218120170137
-0.008928005802614061,0.009276191471889553
-0.008899432989127752,0.009142726700911019
3.2638225176767925E-4,4.0602551744829793E-4
1.7831847237812277E-4,3.6730593519918346E-4
-0.01897626596643111,0.019241894236368243
-0.030183218611191182,0.030593789310581283
-0.023506097913216405,0.024115259608435413
0.006069446154063145,-0.005389094435507435
0.02693786119727557,-0.026357515033188544
0.030881607211452146,-0.030323995191730114
0.03051990025394699,-0.029894721676170737
0.02067601553222405,-0.02009105753414481
0.01795346582958772,-0.017629957527450852
0.01238767012295343,-0.012182919572666607
0.007170882977187578,-0.006514018278720962
-0.0051453824413170025,0.00535411922598291
-0.014007548686462598,0.014127219668818417
-0.017170394342353092,0.017787175137603875
-0.014356239496943406,0.014688373501815033
3.673532037962333E-4,2.0483430235711435E-4
2.9954966484643157E-4,2.93724998104834E-4
-0.025984022854524766,0.02673344751123641
-0.025050306490563622,0.02568651494122034
-0.03586341239672307,0.03629804305025955
-0.011955904618055662,0.01247703142463205
0.010710231124757923,-0.01043831547003551
0.019781905619403135,-0.019470585647626833
0.020182436424620778,-0.019987366437489277
0.01831066186374499,-0.018075222467070648
0.017861625593151596,-0.01712690936648613
0.003216882492010369,-0.0027684008108138504
5.0826876627907E-4,-1.9755456053047434E-4
-0.019457909784844064,0.019885228080260834
-0.03138578698302402,0.031878692414928717
-0.03811897285283536,0.038727914168281315
-0.025354631095405263,0.02568708109875507
2.866291819952666E-4,2.7106596652438155E-4
2.489288009407246E-4,1.5688074895160492E-4
-0.023578680403906593,0.023884690961787913
-0.02730323553161183,0.027418271357738364
-0.03712988385532934,0.037563787459487526
-0.013738455985379957,0.014523460083372441
0.006875257393222675,-0.006444699272198166
0.017678262075980992,-0.017459999025254636
0.01857998791493206,-0.018071616196219314
0.01963543739389869,-0.01907954107149166
0.016304696152186073,-0.01601992618569493
0.0016347935032109203,-0.0011730955393543722
-0.005344060235352885,0.0059089585497376414
-0.027516820771427496,0.02781560967501436
-0.03875063563366073,0.0391290347693279
-0.04506483067816688,0.04520197143233531
-0.00921630576257902,0.009350758348297175
2.460230808782866E-4,4.2494245545415804E-4
2.162558406353048E-4,3.804891330996137E-4
-0.011282399197211124,0.011853918122044841
-0.01874394688520274,0.019049911766395453
-0.02013426666742347,0.02060512159719293
-0.005036655254434093,0.00547103205634157
0.007050864355132443,-0.0069148181176018056
0.01582137186062958,-0.015495421327787194
0.019785820423363243,-0.019234123785232274
0.021861267414657368,-0.0210093287759441
0.015003411302410358,-0.01444295608597503
-0.0018470618600936422,0.0021776977275092444
-0.008804844165701342,0.00934957094315386
-0.02169424280618325,0.022303462249420498
-0.03382738967138996,0.03420216715719015
-0.03478692542186839,0.03536367181537457
-0.0022278072109541847,0.002882477575288666
4.702080615110519E-5,4.256353471936086E-4
1.449372269823438E-4,2.4790615818726493E-4
-0.002847392100605272,0.003144025280019411
-0.006466290722475184,0.007144160913321929
-0.007462902054777255,0.007827888828513081
7.73009104485634E-4,-2.5282617655505567E-4
0.006690139767489694,-0.006305411698477942
0.01506595356678054,-0.014345582290049168
0.01793653887531668,-0.017676473885818257
0.01994092990427799,-0.01968368323687984
0.013643026340240883,-0.013145275489049573
-0.004549950298447533,0.005074026908565912
-0.009039504843603661,0.009310681373911589
-0.023286652277433983,0.02363337109215896
-0.03731942715661411,0.03771792374665328
-0.03780542727698998,0.038386142818577114
-0.002819492716292712,0.003607264530092031
2.68424221310501E-4,3.663785581219901E-4
2.4596645277518846E-4,2.0491939138893593E-4
-0.0018767485175120373,0.00252091053322058
2.123582137290396E-4,4.917524964261145E-4
-0.002053718260946913,0.0027320149479913825
0.0023214234967815096,-0.001605940529872346
0.006754159901027689,-0.006203211384559211
0.013808599476084973,-0.013591027895328607
0.016803684952570615,-0.016473716127303927
0.01632681194991021,-0.015853231549405652
0.014801696133501643,-0.0145446055593618
0.0041670346039595725,-0.00398227760581046
-0.002210951964257683,0.002557113169733923
-0.020122849759976563,0.02034705981634977
-0.03379397333388944,0.03433483310998512
-0.03564224475150714,0.036262659088169814
-0.006355694058357008,0.006604825023740488
1.6321588570654898E-4,3.349661666219418E-5
1.1001408615704942E-5,4.035671124667914E-4
-0.0026542042015394803,0.0033621313154928883
0.0020584108929726417,-0.0016499373930989728
7.932230355380546E-4,-3.423164945661097E-4
0.0027756601933096965,-0.002295188509359479
0.008512250062783324,-0.008201010690454058
0.011882954850581636,-0.011499129425189181
0.014975375660548886,-0.014475151939603494
0.014237484664283285,-0.013749103651783182
0.016471862328765827,-0.016305205007805877
0.012918524511573066,-0.012425333440045365
0.006548538242308402,-0.006046369631902565
-0.005828007367645477,0.006158104881324685
-0.01667431485807943,0.016986179478760282
-0.02751797295483113,0.02789716749793402
-0.005537938522014626,0.006191829910139189
3.403648622161018E-4,1.7336018064306892E-4
3.646014569345976E-5,3.820249220945619E-4
-0.013309328306861318,0.013981877713023236
3.405834626456927E-4,6.412430790124722E-5
8.838479660038757E-5,4.5143629267259866E-4
0.0010410494744597697,-3.2057239779468736E-4
0.0024666660988534976,-0.002239196468762302
0.0037315469102638353,-0.0035528307859248763
0.006175879791418773,-0.005437860496488946
0.006317135162859705,-0.005600331051407049
0.0074719881968816244,-0.007253362343969805
0.011609783002928564,-0.011310851354047214
0.013296433035355156,-0.012933190862918144
0.0037919239871928175,-0.0033958946926472685
-6.900667025399095E-4,9.114957293650148E-4
-0.007052913916143849,0.007724053034936397
0.0036344617151809946,-0.0030966413613947785
2.9149513729266315E-4,4.730971608995149E-6
1.2203394459468455E-4,3.836728646562343E-5
1.6860160491856464E-4,7.554214973177383E-5
4.227613003157117E-4,9.061569034028739E-5
3.3695394155167785E-4,5.311395395291616E-5
2.3603063067557522E-4,3.6432664070612254E-4
2.698023017126439E-4,3.998715919451602E-4
3.589012055630321E-4,2.376782234185446E-4
2.7066815819692497E-5,1.3678487528899077E-4
4.090805338031099E-4,1.5019338186392396E-4
1.314673230844549E-4,7.136846073880049E-5
3.152108074284017E-4,3.2993194895801834E-4
1.875456504587875E-4,1.2529925472856503E-4
3.843633217769095E-5,4.175429426352025E-4
8.975911611853534E-5,3.427057805873348E-4
3.2580737728279654E-4,2.3196440949498616E-4
3.6217795145553305E-5,1.674993384057536E-4
3.2201721338973385E-4,3.9900251370484453E-4
bias
-0.004882352346372063,0.004882352346372069
